,feature,monotonic_pred_loss,monotonic_pred_loss_lower,monotonic_pred_loss_upper,Dataset,train_shift,feature_name,sample_size
0,0.8102014809846878,0.18861703628998822,-0.004541863671788882,0.3817759362517653,Polyp,CVC-ClinicDB,cross_entropy,16
1,0.8115900931409513,0.1886170362801731,-0.004541863680774999,0.38177593624112116,Polyp,CVC-ClinicDB,cross_entropy,16
2,0.8129787052972148,0.18861703626888612,-0.004541863690972814,0.38177593622874506,Polyp,CVC-ClinicDB,cross_entropy,16
3,0.8143673174534783,0.18861703625664414,-0.004541863701780335,0.3817759362150686,Polyp,CVC-ClinicDB,cross_entropy,16
4,0.8157559296097419,0.18861703624396356,-0.004541863712595823,0.38177593620052297,Polyp,CVC-ClinicDB,cross_entropy,16
5,0.8171445417660054,0.18861703623136136,-0.004541863722817202,0.38177593618553995,Polyp,CVC-ClinicDB,cross_entropy,16
6,0.8185331539222689,0.1886170444164161,-0.004541748484559599,0.38177583731739184,Polyp,CVC-ClinicDB,cross_entropy,16
7,0.8199217660785323,0.18861946496757803,-0.004507740685797956,0.381746670620954,Polyp,CVC-ClinicDB,cross_entropy,16
8,0.8213103782347958,0.18863241419115198,-0.004326632970483468,0.38159146135278743,Polyp,CVC-ClinicDB,cross_entropy,16
9,0.8226989903910593,0.18866484145782078,-0.003879211054430509,0.38120889397007207,Polyp,CVC-ClinicDB,cross_entropy,16
10,0.8240876025473228,0.1887256961382672,-0.0030632754213703872,0.38051466769790476,Polyp,CVC-ClinicDB,cross_entropy,16
11,0.8254762147035863,0.18882392760317412,-0.0018122962104596962,0.37946015141680794,Polyp,CVC-ClinicDB,cross_entropy,16
12,0.8268648268598499,0.18896828849372135,-0.00012474067436865632,0.3780613176618114,Polyp,CVC-ClinicDB,cross_entropy,16
13,0.8282534390161134,0.18915723685121516,0.001806143026634982,0.37650833067579537,Polyp,CVC-ClinicDB,cross_entropy,16
14,0.8296420511723769,0.1893740861883681,0.0036234436967776396,0.37512472867995855,Polyp,CVC-ClinicDB,cross_entropy,16
15,0.8310306633286404,0.18960093776340883,0.005057107692044094,0.3741447678347736,Polyp,CVC-ClinicDB,cross_entropy,16
16,0.8324192754849039,0.1898198928345659,0.0059788525531922765,0.3736609331159395,Polyp,CVC-ClinicDB,cross_entropy,16
17,0.8338078876411674,0.19001305266006802,0.006410911404316988,0.37361519391581904,Polyp,CVC-ClinicDB,cross_entropy,16
18,0.8351964997974309,0.19016409690675004,0.006500781018619506,0.3738274127948806,Polyp,CVC-ClinicDB,cross_entropy,16
19,0.8365851119536944,0.19028844662713856,0.006479334605103998,0.37409755864917316,Polyp,CVC-ClinicDB,cross_entropy,16
20,0.837973724109958,0.19043091938082224,0.0065485193625544336,0.37431331939909007,Polyp,CVC-ClinicDB,cross_entropy,16
21,0.8393623362662215,0.1906374412942027,0.006835370635538823,0.3744395119528666,Polyp,CVC-ClinicDB,cross_entropy,16
22,0.8407509484224849,0.19095393849368136,0.007409369662043586,0.37449850732531914,Polyp,CVC-ClinicDB,cross_entropy,16
23,0.8421395605787484,0.19142633710565973,0.008292650985158717,0.3745600232261608,Polyp,CVC-ClinicDB,cross_entropy,16
24,0.8435281727350119,0.19209353591367578,0.009451136825345152,0.3747359350020064,Polyp,CVC-ClinicDB,cross_entropy,16
25,0.8449167848912754,0.19292335912301137,0.010716407534486216,0.3751303107115365,Polyp,CVC-ClinicDB,cross_entropy,16
26,0.8463053970475389,0.19384236156662252,0.011888736581933707,0.3757959865513113,Polyp,CVC-ClinicDB,cross_entropy,16
27,0.8476940092038024,0.19477658973379725,0.012832910101375772,0.3767202693662187,Polyp,CVC-ClinicDB,cross_entropy,16
28,0.849082621360066,0.19565209011382378,0.013491115266771492,0.3778130649608761,Polyp,CVC-ClinicDB,cross_entropy,16
29,0.8504712335163295,0.1963949091959902,0.013878197881441151,0.3789116205105393,Polyp,CVC-ClinicDB,cross_entropy,16
30,0.851859845672593,0.19695382486411078,0.014076962430588397,0.37983068729763314,Polyp,CVC-ClinicDB,cross_entropy,16
31,0.8532484578288565,0.19740738937525304,0.014270566850807354,0.3805442118996987,Polyp,CVC-ClinicDB,cross_entropy,16
32,0.85463706998512,0.1978801363880935,0.014637693217363745,0.3811225795588233,Polyp,CVC-ClinicDB,cross_entropy,16
33,0.8560256821413835,0.1984966534431327,0.015318377286491797,0.38167492959977356,Polyp,CVC-ClinicDB,cross_entropy,16
34,0.857414294297647,0.19938152808087098,0.01641657700385618,0.3823464791578858,Polyp,CVC-ClinicDB,cross_entropy,16
35,0.8588029064539106,0.2006593422422746,0.017997789251705476,0.38332089523284374,Polyp,CVC-ClinicDB,cross_entropy,16
36,0.8601915186101741,0.20242204378159082,0.02005133484237484,0.3847927527208068,Polyp,CVC-ClinicDB,cross_entropy,16
37,0.8615801307664375,0.20465209285615402,0.022451391707349777,0.38685279400495826,Polyp,CVC-ClinicDB,cross_entropy,16
38,0.862968742922701,0.207309013930231,0.025114450593458376,0.3895035772670036,Polyp,CVC-ClinicDB,cross_entropy,16
39,0.8643573550789645,0.21035233146808818,0.028041895328616923,0.39266276760755947,Polyp,CVC-ClinicDB,cross_entropy,16
40,0.865745967235228,0.21374156993399215,0.031306475407789996,0.3961766644601943,Polyp,CVC-ClinicDB,cross_entropy,16
41,0.8671345793914915,0.21743594678468114,0.035009879230524205,0.39986201433883806,Polyp,CVC-ClinicDB,cross_entropy,16
42,0.868523191547755,0.22135148255827922,0.039125506095084944,0.40357745902147346,Polyp,CVC-ClinicDB,cross_entropy,16
43,0.8699118037040185,0.22531683496317093,0.04337362062678535,0.4072600492995565,Polyp,CVC-ClinicDB,cross_entropy,16
44,0.8713004158602821,0.22915012271493715,0.04743928048004281,0.4108609649498315,Polyp,CVC-ClinicDB,cross_entropy,16
45,0.8726890280165456,0.23266946452915876,0.0510505222885769,0.41428840676974066,Polyp,CVC-ClinicDB,cross_entropy,16
46,0.8740776401728091,0.23569297912141673,0.05400815444105714,0.41737780380177636,Polyp,CVC-ClinicDB,cross_entropy,16
47,0.8754662523290726,0.2380462771803713,0.05619552911805667,0.4198970252426859,Polyp,CVC-ClinicDB,cross_entropy,16
48,0.8768548644853361,0.2398269520441948,0.05780716717345344,0.4218467369149361,Polyp,CVC-ClinicDB,cross_entropy,16
49,0.8782434766415996,0.24147515277642903,0.05935482439876799,0.42359548115409007,Polyp,CVC-ClinicDB,cross_entropy,16
50,0.879632088797863,0.24345287092772727,0.06133408312368646,0.42557165873176805,Polyp,CVC-ClinicDB,cross_entropy,16
51,0.8810207009541265,0.24622209804874293,0.06420741499532653,0.42823678110215935,Polyp,CVC-ClinicDB,cross_entropy,16
52,0.8824093131103901,0.25024482569012935,0.06840426674830555,0.4320853846319531,Polyp,CVC-ClinicDB,cross_entropy,16
53,0.8837979252666536,0.255948720917727,0.0742819180003231,0.4376155238351309,Polyp,CVC-ClinicDB,cross_entropy,16
54,0.8851865374229171,0.26322313990205815,0.0816331578351086,0.4448131219690077,Polyp,CVC-ClinicDB,cross_entropy,16
55,0.8865751495791806,0.27153003032875633,0.08986212960671786,0.4531979310507948,Polyp,CVC-ClinicDB,cross_entropy,16
56,0.8879637617354441,0.2803195665851646,0.09843709150457292,0.4622020416657563,Polyp,CVC-ClinicDB,cross_entropy,16
57,0.8893523738917076,0.28904192305862586,0.10690033350265035,0.47118351261460134,Polyp,CVC-ClinicDB,cross_entropy,16
58,0.8907409860479711,0.29714727413648323,0.11483888880016033,0.4794556594728061,Polyp,CVC-ClinicDB,cross_entropy,16
59,0.8921295982042347,0.3041355609954386,0.12186708015576977,0.48640404183510744,Polyp,CVC-ClinicDB,cross_entropy,16
60,0.8935182103604982,0.30991926589904506,0.1278457577441513,0.4919927740539388,Polyp,CVC-ClinicDB,cross_entropy,16
61,0.8949068225167617,0.31461485378640364,0.13275033223039917,0.4964793753424081,Polyp,CVC-ClinicDB,cross_entropy,16
62,0.8962954346730252,0.31834023933467626,0.13658112959631316,0.5000993490730393,Polyp,CVC-ClinicDB,cross_entropy,16
63,0.8976840468292887,0.32121333722102485,0.13940389664440245,0.5030227777976473,Polyp,CVC-ClinicDB,cross_entropy,16
64,0.8990726589855522,0.3233520621226111,0.14136437176401812,0.505339752481204,Polyp,CVC-ClinicDB,cross_entropy,16
65,0.9004612711418156,0.3248724877179918,0.14266674581933858,0.5070782296166451,Polyp,CVC-ClinicDB,cross_entropy,16
66,0.9018498832980791,0.3258818993444826,0.14348975378020404,0.5082740449087612,Polyp,CVC-ClinicDB,cross_entropy,16
67,0.9032384954543426,0.3264849628716574,0.14396564455068214,0.5090042811926326,Polyp,CVC-ClinicDB,cross_entropy,16
68,0.9046271076106062,0.3267863437196274,0.14419904930316488,0.5093736381360899,Polyp,CVC-ClinicDB,cross_entropy,16
69,0.9060157197668697,0.32689070730850384,0.1442791877688192,0.5095022268481885,Polyp,CVC-ClinicDB,cross_entropy,16
70,0.9074043319231332,0.3269027224403639,0.1442884056822798,0.509517039198448,Polyp,CVC-ClinicDB,cross_entropy,16
71,0.9087929440793967,0.3269299440022324,0.1443215806966495,0.5095383073078154,Polyp,CVC-ClinicDB,cross_entropy,16
72,0.9101815562356602,0.32708807234543524,0.14451382992862338,0.5096623147622471,Polyp,CVC-ClinicDB,cross_entropy,16
73,0.9115701683919237,0.3274942345880622,0.1450040159690749,0.5099844532070495,Polyp,CVC-ClinicDB,cross_entropy,16
74,0.9129587805481872,0.3282655578482034,0.14592054750629063,0.5106105681901161,Polyp,CVC-ClinicDB,cross_entropy,16
75,0.9143473927044508,0.3295191692439487,0.14736993621686095,0.5116684022710365,Polyp,CVC-ClinicDB,cross_entropy,16
76,0.9157360048607143,0.3313707058781432,0.14941923619845882,0.5133221755578277,Polyp,CVC-ClinicDB,cross_entropy,16
77,0.9171246170169778,0.333814839455993,0.15195703488745999,0.5156726440245261,Polyp,CVC-ClinicDB,cross_entropy,16
78,0.9185132291732412,0.33663791371122803,0.15465093741963548,0.5186248900028205,Polyp,CVC-ClinicDB,cross_entropy,16
79,0.9199018413295048,0.33960567440683365,0.157209195102063,0.5220021537116043,Polyp,CVC-ClinicDB,cross_entropy,16
80,0.9212904534857682,0.3424838673057941,0.15942402351160903,0.5255437110999792,Polyp,CVC-ClinicDB,cross_entropy,16
81,0.9226790656420317,0.34503823817109525,0.1611723825673591,0.5289040937748314,Polyp,CVC-ClinicDB,cross_entropy,16
82,0.9240676777982952,0.347040635868173,0.16240184497123375,0.5316794267651123,Polyp,CVC-ClinicDB,cross_entropy,16
83,0.9254562899545588,0.34842474875852175,0.16318007842963586,0.5336694190874076,Polyp,CVC-ClinicDB,cross_entropy,16
84,0.9268449021108223,0.3492990141917926,0.16364177931611745,0.5349562490674677,Polyp,CVC-ClinicDB,cross_entropy,16
85,0.9282335142670858,0.34978055928655677,0.1638862762232858,0.5356748423498278,Polyp,CVC-ClinicDB,cross_entropy,16
86,0.9296221264233493,0.3499865111613854,0.16398872670930462,0.5359842956134662,Polyp,CVC-ClinicDB,cross_entropy,16
87,0.9310107385796128,0.3500339969348499,0.16401216874281457,0.5360558251268852,Polyp,CVC-ClinicDB,cross_entropy,16
88,0.9323993507358763,0.3500436825378279,0.16402258108827708,0.5360647839873788,Polyp,CVC-ClinicDB,cross_entropy,16
89,0.9337879628921398,0.350180443796793,0.16417690352412617,0.5361839840694598,Polyp,CVC-ClinicDB,cross_entropy,16
90,0.9351765750484033,0.3506392085258243,0.16468853238808673,0.536589884663562,Polyp,CVC-ClinicDB,cross_entropy,16
91,0.9365651872046667,0.3516154788316069,0.16574627514985707,0.5374846825133567,Polyp,CVC-ClinicDB,cross_entropy,16
92,0.9379537993609304,0.3533047568208258,0.16747669579055602,0.5391328178510956,Polyp,CVC-ClinicDB,cross_entropy,16
93,0.9393424115171938,0.355902544600166,0.1698907937924555,0.5419142954078765,Polyp,CVC-ClinicDB,cross_entropy,16
94,0.9407310236734574,0.3595748137076937,0.17279600178837884,0.5463536256270085,Polyp,CVC-ClinicDB,cross_entropy,16
95,0.9421196358297208,0.3642850511156666,0.17568066700049573,0.5528894352308376,Polyp,CVC-ClinicDB,cross_entropy,16
96,0.9435082479859843,0.36991181112595684,0.17796721626524842,0.5618564059866653,Polyp,CVC-ClinicDB,cross_entropy,16
97,0.9448968601422478,0.3763333574699711,0.17918705171497962,0.5734796632249626,Polyp,CVC-ClinicDB,cross_entropy,16
98,0.9462854722985113,0.3834279538791165,0.17904943661681041,0.5878064711414226,Polyp,CVC-ClinicDB,cross_entropy,16
99,0.9476740844547749,0.39107386408480027,0.17747183838077335,0.6046758897888271,Polyp,CVC-ClinicDB,cross_entropy,16
100,0.6822267286479473,0.3128140749459045,0.16273860412892222,0.4628895457628868,Polyp,EndoCV2020,cross_entropy,16
101,0.6846032538498291,0.3128140749507828,0.1627386041338151,0.46288954576775043,Polyp,EndoCV2020,cross_entropy,16
102,0.6869797790517108,0.3128140749566109,0.1627386041396609,0.4628895457735609,Polyp,EndoCV2020,cross_entropy,16
103,0.6893563042535926,0.31281407496333236,0.162738604146403,0.4628895457802617,Polyp,EndoCV2020,cross_entropy,16
104,0.6917328294554744,0.31281407497089075,0.16273860415398492,0.4628895457877966,Polyp,EndoCV2020,cross_entropy,16
105,0.6941093546573562,0.3128140749792295,0.16273860416234995,0.46288954579610897,Polyp,EndoCV2020,cross_entropy,16
106,0.6964858798592379,0.3128140749882921,0.16273860417144165,0.4628895458051426,Polyp,EndoCV2020,cross_entropy,16
107,0.6988624050611197,0.3128140749980672,0.16273860418124866,0.46288954581488573,Polyp,EndoCV2020,cross_entropy,16
108,0.7012389302630015,0.31281407500865016,0.16273860419186723,0.46288954582543307,Polyp,EndoCV2020,cross_entropy,16
109,0.7036154554648832,0.31281407502015246,0.16273860420340958,0.46288954583689534,Polyp,EndoCV2020,cross_entropy,16
110,0.705991980666765,0.31281407503268505,0.16273860421598743,0.4628895458493827,Polyp,EndoCV2020,cross_entropy,16
111,0.7083685058686469,0.3128140750463592,0.16273860422971298,0.46288954586300546,Polyp,EndoCV2020,cross_entropy,16
112,0.7107450310705286,0.3128140750612816,0.1627386042446936,0.4628895458778696,Polyp,EndoCV2020,cross_entropy,16
113,0.7131215562724104,0.3128140750773246,0.16273860426080247,0.4628895458938468,Polyp,EndoCV2020,cross_entropy,16
114,0.7154980814742922,0.3128140750940158,0.1627386042775678,0.46288954591046383,Polyp,EndoCV2020,cross_entropy,16
115,0.717874606676174,0.31281407511085524,0.16273860429449014,0.4628895459272203,Polyp,EndoCV2020,cross_entropy,16
116,0.7202511318780557,0.3128140751273428,0.16273860431107012,0.46288954594361553,Polyp,EndoCV2020,cross_entropy,16
117,0.7226276570799375,0.3128140751429786,0.16273860432680828,0.4628895459591489,Polyp,EndoCV2020,cross_entropy,16
118,0.7250041822818193,0.31281407515728404,0.16273860434122678,0.4628895459733413,Polyp,EndoCV2020,cross_entropy,16
119,0.727380707483701,0.3128140751702135,0.16273860435427975,0.4628895459861472,Polyp,EndoCV2020,cross_entropy,16
120,0.7297572326855828,0.3128140751821222,0.16273860436632195,0.4628895459979224,Polyp,EndoCV2020,cross_entropy,16
121,0.7321337578874646,0.3128140751933801,0.1627386043777226,0.46288954600903764,Polyp,EndoCV2020,cross_entropy,16
122,0.7345102830893464,0.3128140752043576,0.1627386043888515,0.46288954601986376,Polyp,EndoCV2020,cross_entropy,16
123,0.7368868082912281,0.312814075215425,0.1627386044000782,0.46288954603077176,Polyp,EndoCV2020,cross_entropy,16
124,0.7392633334931099,0.31281407522691834,0.16273860441173824,0.4628895460420984,Polyp,EndoCV2020,cross_entropy,16
125,0.7416398586949917,0.3128140752388288,0.1627386044238226,0.46288954605383503,Polyp,EndoCV2020,cross_entropy,16
126,0.7440163838968734,0.31281407525094757,0.16273860443612248,0.46288954606577265,Polyp,EndoCV2020,cross_entropy,16
127,0.7463929090987552,0.3128140752630631,0.1627386044484265,0.4628895460776997,Polyp,EndoCV2020,cross_entropy,16
128,0.748769434300637,0.3128140752749641,0.16273860446052335,0.4628895460894048,Polyp,EndoCV2020,cross_entropy,16
129,0.7511459595025187,0.3128140752864389,0.16273860447220154,0.46288954610067623,Polyp,EndoCV2020,cross_entropy,16
130,0.7535224847044005,0.3128140752973509,0.1627386044833247,0.4628895461113771,Polyp,EndoCV2020,cross_entropy,16
131,0.7558990099062823,0.3128140753079893,0.16273860449418326,0.4628895461217954,Polyp,EndoCV2020,cross_entropy,16
132,0.7582755351081641,0.3128140753187945,0.16273860450521907,0.46288954613237,Polyp,EndoCV2020,cross_entropy,16
133,0.7606520603100458,0.3128140753302071,0.16273860451687444,0.4628895461435398,Polyp,EndoCV2020,cross_entropy,16
134,0.7630285855119276,0.3128140753426674,0.16273860452959113,0.46288954615574374,Polyp,EndoCV2020,cross_entropy,16
135,0.7654051107138095,0.31281407535661604,0.1627386045438114,0.4628895461694207,Polyp,EndoCV2020,cross_entropy,16
136,0.7677816359156913,0.31281407537252,0.1627386045600037,0.4628895461850363,Polyp,EndoCV2020,cross_entropy,16
137,0.770158161117573,0.31281407539093414,0.16273860457872438,0.46288954620314393,Polyp,EndoCV2020,cross_entropy,16
138,0.7725346863194548,0.3128140754124324,0.16273860460054868,0.4628895462243161,Polyp,EndoCV2020,cross_entropy,16
139,0.7749112115213366,0.3128140754375884,0.16273860462605164,0.46288954624912515,Polyp,EndoCV2020,cross_entropy,16
140,0.7772877367232183,0.31281407546697587,0.16273860465580836,0.4628895462781434,Polyp,EndoCV2020,cross_entropy,16
141,0.7796642619251001,0.3128140755011623,0.16273860469038773,0.4628895463119369,Polyp,EndoCV2020,cross_entropy,16
142,0.7820407871269819,0.3128140755398494,0.16273860472949458,0.46288954635020424,Polyp,EndoCV2020,cross_entropy,16
143,0.7844173123288636,0.3128140755809874,0.16273860477108595,0.46288954639088886,Polyp,EndoCV2020,cross_entropy,16
144,0.7867938375307454,0.3128140756223152,0.16273860481290806,0.4628895464317224,Polyp,EndoCV2020,cross_entropy,16
145,0.7891703627326272,0.3128140756615721,0.16273860485270722,0.462889546470437,Polyp,EndoCV2020,cross_entropy,16
146,0.7915468879345089,0.3128140756964969,0.16273860488822955,0.4628895465047642,Polyp,EndoCV2020,cross_entropy,16
147,0.7939234131363907,0.31281101114173115,0.162735679439148,0.4628863428443143,Polyp,EndoCV2020,cross_entropy,16
148,0.7962999383382725,0.31269056321736566,0.162620669166371,0.46276045726836035,Polyp,EndoCV2020,cross_entropy,16
149,0.7986764635401543,0.3121982911122402,0.16215002009814164,0.46224656212633874,Polyp,EndoCV2020,cross_entropy,16
150,0.801052988742036,0.31107081937059544,0.1610684336848197,0.46107320505637117,Polyp,EndoCV2020,cross_entropy,16
151,0.8034295139439178,0.3090447725366716,0.1591120990787043,0.45897744599463897,Polyp,EndoCV2020,cross_entropy,16
152,0.8058060391457996,0.3058567751547094,0.15600059645937525,0.4557129538500435,Polyp,EndoCV2020,cross_entropy,16
153,0.8081825643476814,0.3012631649081421,0.15144602369087445,0.4510803061254097,Polyp,EndoCV2020,cross_entropy,16
154,0.8105590895495631,0.29532944064236594,0.14544841514960105,0.4452104661351308,Polyp,EndoCV2020,cross_entropy,16
155,0.8129356147514449,0.2883665692120071,0.1382817693713879,0.43845136905262627,Polyp,EndoCV2020,cross_entropy,16
156,0.8153121399533267,0.2806922790784349,0.1302831717184243,0.43110138643844553,Polyp,EndoCV2020,cross_entropy,16
157,0.8176886651552084,0.2726242987030195,0.12184544619742008,0.42340315120861893,Polyp,EndoCV2020,cross_entropy,16
158,0.8200651903570902,0.26448035654712954,0.11339665566901488,0.41556405742524416,Polyp,EndoCV2020,cross_entropy,16
159,0.822441715558972,0.25656194926819836,0.10533608326883628,0.40778781526756047,Polyp,EndoCV2020,cross_entropy,16
160,0.8248182407608537,0.24903602021765567,0.09781482602443381,0.4002572144108775,Polyp,EndoCV2020,cross_entropy,16
161,0.8271947659627356,0.24200298229884215,0.09086094451970597,0.39314502007797836,Polyp,EndoCV2020,cross_entropy,16
162,0.8295712911646174,0.23556277557238214,0.08452013780220025,0.38660541334256404,Polyp,EndoCV2020,cross_entropy,16
163,0.8319478163664991,0.22981534009889912,0.07887526918730037,0.38075541101049787,Polyp,EndoCV2020,cross_entropy,16
164,0.8343243415683809,0.22486061593901632,0.07404323802769319,0.37567799385033945,Polyp,EndoCV2020,cross_entropy,16
165,0.8367008667702627,0.22076038950899335,0.07010252744132492,0.37141825157666175,Polyp,EndoCV2020,cross_entropy,16
166,0.8390773919721445,0.2173943138734656,0.06688972831348419,0.367898899433447,Polyp,EndoCV2020,cross_entropy,16
167,0.8414539171740262,0.21458775512456998,0.06418322897983139,0.3649922812693086,Polyp,EndoCV2020,cross_entropy,16
168,0.843830442375908,0.21216607003958834,0.06180104897507485,0.36253109110410187,Polyp,EndoCV2020,cross_entropy,16
169,0.8462069675777898,0.20995461539580298,0.059608785891890365,0.3603004448997156,Polyp,EndoCV2020,cross_entropy,16
170,0.8485834927796716,0.2077788212652724,0.05750448944425257,0.3580531530862922,Polyp,EndoCV2020,cross_entropy,16
171,0.8509600179815533,0.20552666564972488,0.055423380733624045,0.3556299505658257,Polyp,EndoCV2020,cross_entropy,16
172,0.8533365431834351,0.20326265701945176,0.05338046164198018,0.35314485239692334,Polyp,EndoCV2020,cross_entropy,16
173,0.8557130683853169,0.20108222507846854,0.05139367916952561,0.3507707709874115,Polyp,EndoCV2020,cross_entropy,16
174,0.8580895935871986,0.19908079953079105,0.0495001532062575,0.3486614458553246,Polyp,EndoCV2020,cross_entropy,16
175,0.8604661187890804,0.1973538100804347,0.0477779940760821,0.3469296260847873,Polyp,EndoCV2020,cross_entropy,16
176,0.8628426439909622,0.19599596339538336,0.04635019280458169,0.34564173398618503,Polyp,EndoCV2020,cross_entropy,16
177,0.8652191691928439,0.19504326718640141,0.04530610497367557,0.34478042939912723,Polyp,EndoCV2020,cross_entropy,16
178,0.8675956943947257,0.19443063715840767,0.044616205226496286,0.34424506909031904,Polyp,EndoCV2020,cross_entropy,16
179,0.8699722195966075,0.1940829937662152,0.04421828387022028,0.34394770366221017,Polyp,EndoCV2020,cross_entropy,16
180,0.8723487447984892,0.19392525746463693,0.04403620100113537,0.3438143139281385,Polyp,EndoCV2020,cross_entropy,16
181,0.874725270000371,0.19388234870848584,0.04398650370926774,0.3437781937077039,Polyp,EndoCV2020,cross_entropy,16
182,0.8771017952022528,0.19388049200056792,0.043984351650422,0.3437766323507139,Polyp,EndoCV2020,cross_entropy,16
183,0.8794783204041347,0.19388049203822363,0.04398435168751988,0.3437766323889274,Polyp,EndoCV2020,cross_entropy,16
184,0.8818548456060165,0.19388049208046926,0.04398435172928833,0.3437766324316502,Polyp,EndoCV2020,cross_entropy,16
185,0.8842313708078982,0.19388049212653,0.04398435177494309,0.3437766324781169,Polyp,EndoCV2020,cross_entropy,16
186,0.88660789600978,0.19388049217563097,0.04398435182369978,0.3437766325275622,Polyp,EndoCV2020,cross_entropy,16
187,0.8889844212116618,0.19388049222699735,0.0439843518747742,0.34377663257922053,Polyp,EndoCV2020,cross_entropy,16
188,0.8913609464135435,0.19388049227985252,0.04398435192738048,0.34377663263232455,Polyp,EndoCV2020,cross_entropy,16
189,0.8937374716154253,0.19388049233339752,0.04398435198071318,0.34377663268608183,Polyp,EndoCV2020,cross_entropy,16
190,0.8961139968173071,0.19388049238681798,0.0439843520339534,0.34377663273968256,Polyp,EndoCV2020,cross_entropy,16
191,0.8984905220191888,0.19388049243929958,0.0439843520862824,0.34377663279231674,Polyp,EndoCV2020,cross_entropy,16
192,0.9008670472210706,0.19388049249002753,0.04398435213688079,0.3437766328431743,Polyp,EndoCV2020,cross_entropy,16
193,0.9032435724229524,0.19388049253818743,0.04398435218492969,0.34377663289144517,Polyp,EndoCV2020,cross_entropy,16
194,0.9056200976248341,0.193880492583008,0.04398435222965372,0.3437766329363623,Polyp,EndoCV2020,cross_entropy,16
195,0.9079966228267159,0.19388049262401466,0.043984352270576565,0.34377663297745276,Polyp,EndoCV2020,cross_entropy,16
196,0.9103731480285977,0.19388049266085716,0.04398435230734729,0.343776633014367,Polyp,EndoCV2020,cross_entropy,16
197,0.9127496732304794,0.19388049269318575,0.04398435233961551,0.343776633046756,Polyp,EndoCV2020,cross_entropy,16
198,0.9151261984323612,0.19388049272065072,0.043984352367030854,0.3437766330742706,Polyp,EndoCV2020,cross_entropy,16
199,0.917502723634243,0.19388049274290223,0.043984352389242753,0.3437766330965617,Polyp,EndoCV2020,cross_entropy,16
200,0.819568932056427,0.13948304422931448,-0.1416936379711197,0.4206597264297487,Polyp,EtisLaribDB,cross_entropy,16
201,0.8212521067171386,0.14276518585204492,-0.12826967322044472,0.4138000449245346,Polyp,EtisLaribDB,cross_entropy,16
202,0.8229352813778501,0.14593474174701168,-0.11675160795031245,0.4086210914443358,Polyp,EtisLaribDB,cross_entropy,16
203,0.8246184560385618,0.1489492932204891,-0.10715558002158082,0.40505416646255904,Polyp,EtisLaribDB,cross_entropy,16
204,0.8263016306992733,0.1517664215787512,-0.0993654177097727,0.4028982608672751,Polyp,EtisLaribDB,cross_entropy,16
205,0.8279848053599849,0.1543437081280722,-0.0931579510606709,0.4018453673168153,Polyp,EtisLaribDB,cross_entropy,16
206,0.8296679800206964,0.15663879456232974,-0.08824886991807601,0.4015264590427355,Polyp,EtisLaribDB,cross_entropy,16
207,0.8313511546814081,0.15862697364816544,-0.084357745148775,0.40161169244510586,Polyp,EtisLaribDB,cross_entropy,16
208,0.8330343293421196,0.16032561936535533,-0.08126398125652581,0.40191521998723645,Polyp,EtisLaribDB,cross_entropy,16
209,0.8347175040028312,0.16175824286342552,-0.07878826829869165,0.40230475402554267,Polyp,EtisLaribDB,cross_entropy,16
210,0.8364006786635427,0.16294835529190188,-0.07676630631665257,0.40266301690045636,Polyp,EtisLaribDB,cross_entropy,16
211,0.8380838533242544,0.16391946780031041,-0.0750441005161877,0.40288303611680853,Polyp,EtisLaribDB,cross_entropy,16
212,0.8397670279849659,0.16469509792007808,-0.07349697868744284,0.40288717452759903,Polyp,EtisLaribDB,cross_entropy,16
213,0.8414502026456775,0.16529909713924423,-0.07211645966811189,0.40271465394660033,Polyp,EtisLaribDB,cross_entropy,16
214,0.843133377306389,0.16575580823405023,-0.07102531466011947,0.4025369311282199,Polyp,EtisLaribDB,cross_entropy,16
215,0.8448165519671007,0.16608961330624852,-0.07033239107421169,0.40251161768670873,Polyp,EtisLaribDB,cross_entropy,16
216,0.8464997266278123,0.16632489445759147,-0.07006702182002209,0.40271681073520504,Polyp,EtisLaribDB,cross_entropy,16
217,0.8481829012885238,0.16648603378983146,-0.07015338084437653,0.4031254484240394,Polyp,EtisLaribDB,cross_entropy,16
218,0.8498660759492354,0.16659840901275272,-0.07041985495544462,0.40361667298095005,Polyp,EtisLaribDB,cross_entropy,16
219,0.851549250609947,0.1667074192541737,-0.07064922248893177,0.4040640609972792,Polyp,EtisLaribDB,cross_entropy,16
220,0.8532324252706586,0.16687700598793254,-0.07066686795229743,0.4044208799281625,Polyp,EtisLaribDB,cross_entropy,16
221,0.8549155999313701,0.1671718099352093,-0.07036030213099109,0.4047039220014097,Polyp,EtisLaribDB,cross_entropy,16
222,0.8565987745920817,0.16765647181718416,-0.0696696969383584,0.4049826405727267,Polyp,EtisLaribDB,cross_entropy,16
223,0.8582819492527933,0.16839563235503732,-0.06858589916491109,0.40537716387498574,Polyp,EtisLaribDB,cross_entropy,16
224,0.8599651239135049,0.16944703315359694,-0.06716297145928002,0.4060570377664739,Polyp,EtisLaribDB,cross_entropy,16
225,0.8616482985742164,0.1707986381229686,-0.06555947310056931,0.40715674934650653,Polyp,EtisLaribDB,cross_entropy,16
226,0.863331473234928,0.17239789483486767,-0.0639158358946359,0.40871162556437124,Polyp,EtisLaribDB,cross_entropy,16
227,0.8650146478956396,0.17419175179298624,-0.062268150184883686,0.41065165377085616,Polyp,EtisLaribDB,cross_entropy,16
228,0.8666978225563512,0.17612715750101632,-0.06055282503719589,0.4128071400392285,Polyp,EtisLaribDB,cross_entropy,16
229,0.8683809972170627,0.1781510604626501,-0.058648864175897375,0.4149509851011976,Polyp,EtisLaribDB,cross_entropy,16
230,0.8700641718777743,0.18020868668209353,-0.05648075459913782,0.41689812796332487,Polyp,EtisLaribDB,cross_entropy,16
231,0.871747346538486,0.18223542835018935,-0.054207108130699705,0.41867796483107844,Polyp,EtisLaribDB,cross_entropy,16
232,0.8734305211991975,0.18416319336030085,-0.05207743282768157,0.42040381954828326,Polyp,EtisLaribDB,cross_entropy,16
233,0.8751136958599091,0.1859238855228298,-0.050296519609246054,0.42214429065490566,Polyp,EtisLaribDB,cross_entropy,16
234,0.8767968705206206,0.18744940864817788,-0.04897361990011356,0.42387243719646933,Polyp,EtisLaribDB,cross_entropy,16
235,0.8784800451813322,0.18867170646581144,-0.04810875310180243,0.4254521660334253,Polyp,EtisLaribDB,cross_entropy,16
236,0.8801632198420438,0.1897553710133344,-0.04739393604697692,0.42690467807364574,Polyp,EtisLaribDB,cross_entropy,16
237,0.8818463945027554,0.19164553179729718,-0.045765615256450926,0.42905667885104526,Polyp,EtisLaribDB,cross_entropy,16
238,0.8835295691634669,0.19545082681260526,-0.04205760079211268,0.4329592544173232,Polyp,EtisLaribDB,cross_entropy,16
239,0.8852127438241786,0.2022798940541644,-0.03515638571064664,0.43971617381897543,Polyp,EtisLaribDB,cross_entropy,16
240,0.8868959184848901,0.21324137151687927,-0.02400144009436206,0.4504841831281206,Polyp,EtisLaribDB,cross_entropy,16
241,0.8885790931456017,0.2294385451382542,-0.007600188477260655,0.4664772787537691,Polyp,EtisLaribDB,cross_entropy,16
242,0.8902622678063132,0.2512216496542523,0.014227134252225049,0.48821616505627957,Polyp,EtisLaribDB,cross_entropy,16
243,0.8919454424670248,0.2774179249665825,0.04016353527109248,0.5146723146620725,Polyp,EtisLaribDB,cross_entropy,16
244,0.8936286171277364,0.3066708848814769,0.06880672015724923,0.5445350496057046,Polyp,EtisLaribDB,cross_entropy,16
245,0.895311791788448,0.3376240432051621,0.09887412862059713,0.5763739577897271,Polyp,EtisLaribDB,cross_entropy,16
246,0.8969949664491595,0.36892091374387004,0.12918806843921585,0.6086537590485243,Polyp,EtisLaribDB,cross_entropy,16
247,0.8986781411098711,0.3992175646797993,0.15863667542802232,0.6397984539315763,Polyp,EtisLaribDB,cross_entropy,16
248,0.9003613157705828,0.4276258283046521,0.18645722509370613,0.6687944315155981,Polyp,EtisLaribDB,cross_entropy,16
249,0.9020444904312943,0.4538315610451492,0.21229891406589768,0.6953642080244007,Polyp,EtisLaribDB,cross_entropy,16
250,0.9037276650920059,0.4775572210072249,0.2358284367475971,0.7192860052668527,Polyp,EtisLaribDB,cross_entropy,16
251,0.9054108397527174,0.4985252662968119,0.2567346871473074,0.7403158454463163,Polyp,EtisLaribDB,cross_entropy,16
252,0.9070940144134291,0.5164581550198439,0.2747392033652004,0.7581771066744875,Polyp,EtisLaribDB,cross_entropy,16
253,0.9087771890741406,0.5311155965391507,0.2896160856516209,0.7726151074266806,Polyp,EtisLaribDB,cross_entropy,16
254,0.9104603637348522,0.5428415116795251,0.3016529939725301,0.7840300293865201,Polyp,EtisLaribDB,cross_entropy,16
255,0.9121435383955637,0.5524436739166739,0.3115547578133109,0.793332590020037,Polyp,EtisLaribDB,cross_entropy,16
256,0.9138267130562754,0.5607426339074214,0.32007636443136256,0.8014089033834803,Polyp,EtisLaribDB,cross_entropy,16
257,0.9155098877169869,0.56855894230859,0.3280286354706138,0.8090892491465663,Polyp,EtisLaribDB,cross_entropy,16
258,0.9171930623776985,0.5767131497770039,0.3362730117508267,0.8171532878031812,Polyp,EtisLaribDB,cross_entropy,16
259,0.91887623703841,0.5859273783971933,0.34558772170640656,0.8262670350879802,Polyp,EtisLaribDB,cross_entropy,16
260,0.9205594116991216,0.5961078280149059,0.35585887128581306,0.8363567847439988,Polyp,EtisLaribDB,cross_entropy,16
261,0.9222425863598332,0.6067572622931399,0.3665397682088454,0.8469747563774344,Polyp,EtisLaribDB,cross_entropy,16
262,0.9239257610205448,0.6173755776083067,0.37711807741815606,0.8576330777984574,Polyp,EtisLaribDB,cross_entropy,16
263,0.9256089356812564,0.6274626703368199,0.3871330209666167,0.8677923197070231,Polyp,EtisLaribDB,cross_entropy,16
264,0.927292110341968,0.6365184368550934,0.39616598977387263,0.8768708839363141,Polyp,EtisLaribDB,cross_entropy,16
265,0.9289752850026796,0.6441661916178508,0.4039145668503462,0.8844178163853554,Polyp,EtisLaribDB,cross_entropy,16
266,0.9306584596633911,0.6506184076943795,0.4105648845925918,0.8906719307961672,Polyp,EtisLaribDB,cross_entropy,16
267,0.9323416343241027,0.6562631637595336,0.41646454010635015,0.8960617874127171,Polyp,EtisLaribDB,cross_entropy,16
268,0.9340248089848142,0.6614885686195349,0.42200549601105164,0.9009716412280181,Polyp,EtisLaribDB,cross_entropy,16
269,0.9357079836455259,0.6666827310806042,0.4276299612573542,0.9057355009038541,Polyp,EtisLaribDB,cross_entropy,16
270,0.9373911583062374,0.6722335595314399,0.4338069547013927,0.9106601643614871,Polyp,EtisLaribDB,cross_entropy,16
271,0.939074332966949,0.6783579310578032,0.4407685621626042,0.9159472999530022,Polyp,EtisLaribDB,cross_entropy,16
272,0.9407575076276606,0.6847900171434333,0.44808960373396955,0.9214904305528971,Polyp,EtisLaribDB,cross_entropy,16
273,0.9424406822883722,0.6911794381299237,0.4552366128309628,0.9271222634288845,Polyp,EtisLaribDB,cross_entropy,16
274,0.9441238569490837,0.6971758143588693,0.4617357828756493,0.9326158458420893,Polyp,EtisLaribDB,cross_entropy,16
275,0.9458070316097953,0.7024287661718649,0.4672067439441365,0.9376507883995933,Polyp,EtisLaribDB,cross_entropy,16
276,0.9474902062705068,0.7065903762335126,0.4713668421411271,0.9418139103258981,Polyp,EtisLaribDB,cross_entropy,16
277,0.9491733809312185,0.7095126284394593,0.4741890234994164,0.9448362333795022,Polyp,EtisLaribDB,cross_entropy,16
278,0.95085655559193,0.7113917788389748,0.4759604410581027,0.9468231166198469,Polyp,EtisLaribDB,cross_entropy,16
279,0.9525397302526416,0.7124581226345853,0.47695056842974726,0.9479656768394233,Polyp,EtisLaribDB,cross_entropy,16
280,0.9542229049133533,0.7129419550288174,0.4773962211650541,0.9484876888925807,Polyp,EtisLaribDB,cross_entropy,16
281,0.9559060795740648,0.7130735712241975,0.4775170630340502,0.9486300794143447,Polyp,EtisLaribDB,cross_entropy,16
282,0.9575892542347764,0.7130792664523229,0.47752228828843757,0.9486362446162082,Polyp,EtisLaribDB,cross_entropy,16
283,0.9592724288954879,0.7130792664031914,0.47752228823882087,0.948636244567562,Polyp,EtisLaribDB,cross_entropy,16
284,0.9609556035561995,0.7130792663491937,0.4775222881845176,0.9486362445138699,Polyp,EtisLaribDB,cross_entropy,16
285,0.962638778216911,0.7130792662916127,0.4775222881268118,0.9486362444564136,Polyp,EtisLaribDB,cross_entropy,16
286,0.9643219528776227,0.7130792662317312,0.4775222880669877,0.9486362443964748,Polyp,EtisLaribDB,cross_entropy,16
287,0.9660051275383342,0.713079266170833,0.47752228800633023,0.9486362443353357,Polyp,EtisLaribDB,cross_entropy,16
288,0.9676883021990458,0.7130810994848138,0.4775252295418335,0.9486369694277941,Polyp,EtisLaribDB,cross_entropy,16
289,0.9693714768597574,0.7131095036465493,0.477570555847927,0.9486484514451716,Polyp,EtisLaribDB,cross_entropy,16
290,0.971054651520469,0.7132047853499961,0.4777192073897566,0.9486903633102356,Polyp,EtisLaribDB,cross_entropy,16
291,0.9727378261811805,0.7134075488164713,0.4780181199219805,0.948796977710962,Polyp,EtisLaribDB,cross_entropy,16
292,0.9744210008418921,0.7137583982672915,0.47847926982442024,0.9490375267101627,Polyp,EtisLaribDB,cross_entropy,16
293,0.9761041755026036,0.7142979379237739,0.4790495816644065,0.9495462941831414,Polyp,EtisLaribDB,cross_entropy,16
294,0.9777873501633153,0.7150644667547412,0.4795731966707131,0.9505557368387694,Polyp,EtisLaribDB,cross_entropy,16
295,0.9794705248240269,0.7160804771234442,0.479799358171059,0.9523615960758295,Polyp,EtisLaribDB,cross_entropy,16
296,0.9811536994847384,0.7173618312718933,0.47947192202777855,0.9552517405160081,Polyp,EtisLaribDB,cross_entropy,16
297,0.9828368741454501,0.7189243687592198,0.4783846917835879,0.9594640457348518,Polyp,EtisLaribDB,cross_entropy,16
298,0.9845200488061616,0.720783929144555,0.4764148394851811,0.965153018803929,Polyp,EtisLaribDB,cross_entropy,16
299,0.9862032234668732,0.722956351987031,0.4735414092671163,0.9723712947069457,Polyp,EtisLaribDB,cross_entropy,16
300,0.7801529616117477,0.18391012214879557,0.07692889498253307,0.29089134931505806,Polyp,brightness,cross_entropy,16
301,0.7816847055548369,0.18391012214372193,0.07692889497746101,0.29089134930998284,Polyp,brightness,cross_entropy,16
302,0.7832164494979261,0.18391012213762215,0.07692889497136333,0.29089134930388094,Polyp,brightness,cross_entropy,16
303,0.7847481934410153,0.18391012213060773,0.07692889496435175,0.2908913492968637,Polyp,brightness,cross_entropy,16
304,0.7862799373841045,0.18391012212279026,0.076928894956538,0.29089134928904253,Polyp,brightness,cross_entropy,16
305,0.7878116813271937,0.1839101221142811,0.07692889494803361,0.29089134928052857,Polyp,brightness,cross_entropy,16
306,0.7893434252702829,0.1839101221051922,0.07692889493895068,0.29089134927143373,Polyp,brightness,cross_entropy,16
307,0.7908751692133721,0.1839101220957114,0.07692889492947722,0.2908913492619456,Polyp,brightness,cross_entropy,16
308,0.7924069131564613,0.1839101220862081,0.07692889491998267,0.29089134925243354,Polyp,brightness,cross_entropy,16
309,0.7939386570995505,0.18391012207707821,0.07692889491086298,0.29089134924329346,Polyp,brightness,cross_entropy,16
310,0.7954704010426397,0.18391012206871765,0.07692889490251416,0.29089134923492116,Polyp,brightness,cross_entropy,16
311,0.7970021449857287,0.18391012206152227,0.0769288948953321,0.2908913492277124,Polyp,brightness,cross_entropy,16
312,0.7985338889288179,0.18391012205588173,0.07692889488970653,0.29089134922205695,Polyp,brightness,cross_entropy,16
313,0.8000656328719071,0.18391012205185436,0.07692889488569592,0.2908913492180128,Polyp,brightness,cross_entropy,16
314,0.8015973768149963,0.1839101220490115,0.07692889488287187,0.29089134921515114,Polyp,brightness,cross_entropy,16
315,0.8031291207580855,0.1839101220468855,0.07692889488076705,0.29089134921300397,Polyp,brightness,cross_entropy,16
316,0.8046608647011747,0.1839101220450086,0.07692889487891398,0.2908913492111032,Polyp,brightness,cross_entropy,16
317,0.8061926086442639,0.1839101220429132,0.07692889487684537,0.2908913492089811,Polyp,brightness,cross_entropy,16
318,0.8077243525873531,0.18391012204012136,0.07692889487408351,0.2908913492061592,Polyp,brightness,cross_entropy,16
319,0.8092560965304423,0.18391012203594873,0.07692889486994445,0.29089134920195303,Polyp,brightness,cross_entropy,16
320,0.8107878404735315,0.18391012202952,0.07692889486355325,0.29089134919548676,Polyp,brightness,cross_entropy,16
321,0.8123195844166207,0.18391012201995258,0.07692889485402771,0.29089134918587745,Polyp,brightness,cross_entropy,16
322,0.8138513283597099,0.18391012200636403,0.07692889484048575,0.2908913491722423,Polyp,brightness,cross_entropy,16
323,0.815383072302799,0.18391012198787166,0.0769288948220451,0.2908913491536982,Polyp,brightness,cross_entropy,16
324,0.8169148162458882,0.18391012196368517,0.07692889479791581,0.2908913491294545,Polyp,brightness,cross_entropy,16
325,0.8184465601889774,0.18391012193394682,0.07692889476824066,0.290891349099653,Polyp,brightness,cross_entropy,16
326,0.8199783041320666,0.1839101218993402,0.07692889473370376,0.2908913490649766,Polyp,brightness,cross_entropy,16
327,0.8215100480751558,0.1839101218605559,0.07692889469499618,0.2908913490261156,Polyp,brightness,cross_entropy,16
328,0.823041792018245,0.183910121818284,0.07692889465280858,0.29089134898375946,Polyp,brightness,cross_entropy,16
329,0.8245735359613342,0.18391012177321509,0.07692889460783202,0.29089134893859814,Polyp,brightness,cross_entropy,16
330,0.8261052799044233,0.18391012172599067,0.07692889456070859,0.29089134889127277,Polyp,brightness,cross_entropy,16
331,0.8276370238475125,0.1839101216769741,0.07692889451180236,0.29089134884214585,Polyp,brightness,cross_entropy,16
332,0.8291687677906017,0.1839101216264299,0.07692889446137863,0.29089134879148115,Polyp,brightness,cross_entropy,16
333,0.8307005117336909,0.18391012157462258,0.07692889440970278,0.29089134873954237,Polyp,brightness,cross_entropy,16
334,0.83223225567678,0.18391012152181668,0.07692889435704008,0.2908913486865933,Polyp,brightness,cross_entropy,16
335,0.8337639996198692,0.18391012146827662,0.07692889430365575,0.2908913486328975,Polyp,brightness,cross_entropy,16
336,0.8352957435629584,0.18391012141435414,0.0769288942499026,0.2908913485788057,Polyp,brightness,cross_entropy,16
337,0.8368274875060476,0.1839101213606932,0.07692889419642629,0.2908913485249601,Polyp,brightness,cross_entropy,16
338,0.8383592314491368,0.18391012130799883,0.07692889414393378,0.2908913484720639,Polyp,brightness,cross_entropy,16
339,0.839890975392226,0.18391012125697626,0.0769288940931322,0.2908913484208203,Polyp,brightness,cross_entropy,16
340,0.8414227193353152,0.18391012120833058,0.07692889404472854,0.29089134837193265,Polyp,brightness,cross_entropy,16
341,0.8429544632784044,0.18391014873484807,0.07692892918566155,0.2908913682840346,Polyp,brightness,cross_entropy,16
342,0.8444862072214936,0.18391411088727685,0.07693398045843133,0.2908942413161224,Polyp,brightness,cross_entropy,16
343,0.8460179511645828,0.18393376069666995,0.0769588831413585,0.2909086382519814,Polyp,brightness,cross_entropy,16
344,0.847549695107672,0.1839817976919241,0.07701872116502093,0.2909448742188273,Polyp,brightness,cross_entropy,16
345,0.8490814390507612,0.18407092140193593,0.07712582657581266,0.29101601622805917,Polyp,brightness,cross_entropy,16
346,0.8506131829938504,0.18421383135560215,0.07728695075651343,0.2911407119546909,Polyp,brightness,cross_entropy,16
347,0.8521449269369396,0.18442286086188828,0.07749909701953837,0.29134662470423817,Polyp,brightness,cross_entropy,16
348,0.8536766708800287,0.18469704827179154,0.0777382115565985,0.2916558849869846,Polyp,brightness,cross_entropy,16
349,0.8552084148231178,0.18501868725065065,0.07797561163864199,0.29206176286265934,Polyp,brightness,cross_entropy,16
350,0.8567401587662071,0.1853690037672122,0.07820590105563678,0.2925321064787876,Polyp,brightness,cross_entropy,16
351,0.8582719027092962,0.1857292237902225,0.07844672370320235,0.2930117238772426,Polyp,brightness,cross_entropy,16
352,0.8598036466523854,0.1860805732884281,0.07872732229346428,0.29343382428339193,Polyp,brightness,cross_entropy,16
353,0.8613353905954746,0.18640510098105334,0.07906612432111267,0.29374407764099403,Polyp,brightness,cross_entropy,16
354,0.8628671345385638,0.18669775878306666,0.07943297604224214,0.2939625415238912,Polyp,brightness,cross_entropy,16
355,0.864398878481653,0.1869637434983869,0.07977229931908579,0.294155187677688,Polyp,brightness,cross_entropy,16
356,0.8659306224247422,0.1872085341343468,0.08004996739599086,0.29436710087270274,Polyp,brightness,cross_entropy,16
357,0.8674623663678314,0.18743760969827905,0.08026950317975355,0.29460571621680454,Polyp,brightness,cross_entropy,16
358,0.8689941103109206,0.1876564491975164,0.08047072544506066,0.2948421729499721,Polyp,brightness,cross_entropy,16
359,0.8705258542540097,0.18786971828836824,0.08070701268743516,0.2950324238893013,Polyp,brightness,cross_entropy,16
360,0.8720575981970989,0.1880753403654981,0.08098324612567386,0.29516743460532235,Polyp,brightness,cross_entropy,16
361,0.8735893421401881,0.18826790508394045,0.08126429992087264,0.29527151024700826,Polyp,brightness,cross_entropy,16
362,0.8751210860832773,0.18844197840530003,0.0815115144116123,0.29537244239898774,Polyp,brightness,cross_entropy,16
363,0.8766528300263665,0.18859212629118144,0.0816986586396729,0.29548559394269,Polyp,brightness,cross_entropy,16
364,0.8781845739694557,0.18871291470318938,0.08181921125357192,0.29560661815280687,Polyp,brightness,cross_entropy,16
365,0.8797163179125449,0.18880050247849792,0.08188576897097112,0.2957152359860247,Polyp,brightness,cross_entropy,16
366,0.8812480618556341,0.18885865233514254,0.08191997516978171,0.29579732950050336,Polyp,brightness,cross_entropy,16
367,0.8827798057987233,0.18889339341665176,0.08193661273439834,0.2958501740989052,Polyp,brightness,cross_entropy,16
368,0.8843115497418124,0.18891075525543957,0.08194386309689844,0.2958776474139807,Polyp,brightness,cross_entropy,16
369,0.8858432936849017,0.18891676738391996,0.08194620849730098,0.29588732627053893,Polyp,brightness,cross_entropy,16
370,0.8873750376279907,0.18891745769815932,0.08194647234458656,0.29588844305173206,Polyp,brightness,cross_entropy,16
371,0.8889067815710799,0.18891745767610388,0.08194647232236078,0.29588844302984696,Polyp,brightness,cross_entropy,16
372,0.8904385255141691,0.18891745765254145,0.0819464722986724,0.2958884430064105,Polyp,brightness,cross_entropy,16
373,0.8919702694572583,0.18891745762812226,0.08194647227417061,0.2958884429820739,Polyp,brightness,cross_entropy,16
374,0.8935020134003475,0.18891745760349696,0.08194647224950508,0.29588844295748884,Polyp,brightness,cross_entropy,16
375,0.8950337573434367,0.1889174575793158,0.08194647222532504,0.2958884429333066,Polyp,brightness,cross_entropy,16
376,0.8965655012865259,0.18891753790815236,0.08194656619930765,0.2958885096169971,Polyp,brightness,cross_entropy,16
377,0.8980972452296151,0.18892430223311202,0.0819544690821081,0.2958941353841159,Polyp,brightness,cross_entropy,16
378,0.8996289891727043,0.1889555886817918,0.08199076080852138,0.2959204165550622,Polyp,brightness,cross_entropy,16
379,0.9011607331157935,0.189030346166775,0.08207574129112451,0.2959849510424255,Polyp,brightness,cross_entropy,16
380,0.9026924770588827,0.1891675236006446,0.08222530616130776,0.29610974103998144,Polyp,brightness,cross_entropy,16
381,0.9042242210019719,0.18938606989598383,0.08244654503728355,0.2963255947546841,Polyp,brightness,cross_entropy,16
382,0.905755964945061,0.18970394660090864,0.08273095922384702,0.29667693397797024,Polyp,brightness,cross_entropy,16
383,0.9072877088881502,0.19011293274913682,0.08303179839589368,0.29719406710237994,Polyp,brightness,cross_entropy,16
384,0.9088194528312394,0.19057653635272623,0.08328450875729497,0.29786856394815747,Polyp,brightness,cross_entropy,16
385,0.9103511967743286,0.19105685958643664,0.08344794063269373,0.29866577854017956,Polyp,brightness,cross_entropy,16
386,0.9118829407174178,0.19151600462502788,0.08351135842150506,0.2995206508285507,Polyp,brightness,cross_entropy,16
387,0.9134146846605069,0.19191607364325963,0.08349343731904534,0.3003387099674739,Polyp,brightness,cross_entropy,16
388,0.9149464286035962,0.19222499113316652,0.08343807200376173,0.3010119102625713,Polyp,brightness,cross_entropy,16
389,0.9164781725466853,0.19248341899598007,0.08343381820993599,0.3015330197820241,Polyp,brightness,cross_entropy,16
390,0.9180099164897746,0.19278146289863834,0.0835790367833378,0.3019838890139389,Polyp,brightness,cross_entropy,16
391,0.9195416604328637,0.19321017337699808,0.08394393530746111,0.30247641144653503,Polyp,brightness,cross_entropy,16
392,0.9210734043759529,0.1938606009669162,0.08455302938927205,0.30316817254456035,Polyp,brightness,cross_entropy,16
393,0.9226051483190421,0.19482379620424967,0.0853576768938762,0.30428991551462314,Polyp,brightness,cross_entropy,16
394,0.9241368922621312,0.1961780243311097,0.08619545915000362,0.3061605895122158,Polyp,brightness,cross_entropy,16
395,0.9256686362052204,0.19791388466328672,0.08676866616944615,0.30905910315712726,Polyp,brightness,cross_entropy,16
396,0.9272003801483096,0.19998520481896137,0.08676395320896826,0.3132064564289545,Polyp,brightness,cross_entropy,16
397,0.9287321240913988,0.20234568661349703,0.08593424006763796,0.3187571331593561,Polyp,brightness,cross_entropy,16
398,0.930263868034488,0.20494903186225685,0.08413901163770683,0.3257590520868069,Polyp,brightness,cross_entropy,16
399,0.9317956119775772,0.20774894238060432,0.08136130391078294,0.3341365808504257,Polyp,brightness,cross_entropy,16
400,0.7602251470088959,0.17532118458488244,0.0547070064712737,0.2959353626984912,Polyp,contrast,cross_entropy,16
401,0.7618547056359474,0.17609143671101207,0.061096650949567,0.29108622247245713,Polyp,contrast,cross_entropy,16
402,0.763484264262999,0.17669335284812793,0.06621257149415663,0.28717413420209925,Polyp,contrast,cross_entropy,16
403,0.7651138228900505,0.1771510806707771,0.0700320428731169,0.2842701184684373,Polyp,contrast,cross_entropy,16
404,0.766743381517102,0.17748876785350715,0.0726482996563301,0.28232923605068416,Polyp,contrast,cross_entropy,16
405,0.7683729401441536,0.17773056207086507,0.07425782248276952,0.2812033016589606,Polyp,contrast,cross_entropy,16
406,0.7700024987712051,0.17790059703613273,0.0751244086523817,0.2806767854198838,Polyp,contrast,cross_entropy,16
407,0.7716320573982566,0.178018925636388,0.07553079759380572,0.2805070536789703,Polyp,contrast,cross_entropy,16
408,0.7732616160253082,0.1780958718249748,0.0757028875241731,0.2804888561257765,Polyp,contrast,cross_entropy,16
409,0.7748911746523597,0.17814034067699308,0.07576910717997347,0.2805115741740127,Polyp,contrast,cross_entropy,16
410,0.7765207332794113,0.17816123726754252,0.07579180914717619,0.28053066538790883,Polyp,contrast,cross_entropy,16
411,0.7781502919064628,0.17816746667172298,0.07579753548133167,0.2805373978621143,Polyp,contrast,cross_entropy,16
412,0.7797798505335143,0.17816786871271714,0.07579788862054992,0.28053784880488436,Polyp,contrast,cross_entropy,16
413,0.7814094091605659,0.17816786866547002,0.0757978885732714,0.28053784875766863,Polyp,contrast,cross_entropy,16
414,0.7830389677876174,0.17816786861567635,0.0757978885234496,0.2805378487079031,Polyp,contrast,cross_entropy,16
415,0.7846685264146689,0.17816786856430086,0.07579788847204859,0.2805378486565531,Polyp,contrast,cross_entropy,16
416,0.7862980850417205,0.17816786851230806,0.0757978884200323,0.28053784860458386,Polyp,contrast,cross_entropy,16
417,0.787927643668772,0.17816786846066265,0.07579788836836475,0.28053784855296054,Polyp,contrast,cross_entropy,16
418,0.7895572022958235,0.17816786841031093,0.07579788831799164,0.2805378485026302,Polyp,contrast,cross_entropy,16
419,0.7911867609228751,0.17816786836182788,0.07579788826948766,0.28053784845416807,Polyp,contrast,cross_entropy,16
420,0.7928163195499266,0.17816786831544504,0.07579788822308432,0.28053784840780577,Polyp,contrast,cross_entropy,16
421,0.7944458781769781,0.17816786827138076,0.07579788817899992,0.2805378483637616,Polyp,contrast,cross_entropy,16
422,0.7960754368040297,0.1781678682298536,0.07579788813745304,0.28053784832225415,Polyp,contrast,cross_entropy,16
423,0.7977049954310812,0.17816786819108202,0.07579788809866214,0.2805378482835019,Polyp,contrast,cross_entropy,16
424,0.7993345540581327,0.17816786815519903,0.07579788806276018,0.2805378482476379,Polyp,contrast,cross_entropy,16
425,0.8009641126851843,0.17816786812147312,0.0757978880290157,0.2805378482139305,Polyp,contrast,cross_entropy,16
426,0.8025936713122358,0.17816786808867088,0.07579788799619533,0.28053784818114647,Polyp,contrast,cross_entropy,16
427,0.8042232299392874,0.17816786805555263,0.07579788796305943,0.28053784814804583,Polyp,contrast,cross_entropy,16
428,0.8058527885663389,0.17816786802087872,0.07579788792836846,0.280537848113389,Polyp,contrast,cross_entropy,16
429,0.8074823471933904,0.1781678679834096,0.07579788789088286,0.28053784807593635,Polyp,contrast,cross_entropy,16
430,0.809111905820442,0.178167867941954,0.07579788784941144,0.28053784803449655,Polyp,contrast,cross_entropy,16
431,0.8107414644474935,0.17816786789559677,0.07579788780303925,0.2805378479881543,Polyp,contrast,cross_entropy,16
432,0.812371023074545,0.17816786784352082,0.07579788775094941,0.2805378479360922,Polyp,contrast,cross_entropy,16
433,0.8140005817015966,0.17816786778490903,0.07579788769232501,0.28053784787749303,Polyp,contrast,cross_entropy,16
434,0.8156301403286481,0.17816786771894438,0.07579788762634922,0.28053784781153956,Polyp,contrast,cross_entropy,16
435,0.8172596989556996,0.1781678676448098,0.07579788755220518,0.2805378477374144,Polyp,contrast,cross_entropy,16
436,0.8188892575827512,0.1781678675621151,0.07579788746950299,0.2805378476547272,Polyp,contrast,cross_entropy,16
437,0.8205188162098027,0.1781678674719019,0.07579788737928449,0.28053784756451927,Polyp,contrast,cross_entropy,16
438,0.8221483748368542,0.17816786737551157,0.0757978872828915,0.28053784746813165,Polyp,contrast,cross_entropy,16
439,0.8237779334639058,0.17816786727428582,0.07579788718166595,0.2805378473669057,Polyp,contrast,cross_entropy,16
440,0.8254074920909573,0.17816786716956612,0.07579788707694973,0.2805378472621825,Polyp,contrast,cross_entropy,16
441,0.8270370507180089,0.17816786706269214,0.0757978869700828,0.2805378471553015,Polyp,contrast,cross_entropy,16
442,0.8286666093450604,0.17816786695476539,0.07579788686216701,0.28053784704736373,Polyp,contrast,cross_entropy,16
443,0.8302961679721119,0.17816786684640437,0.07579788675382121,0.28053784693898753,Polyp,contrast,cross_entropy,16
444,0.8319257265991635,0.17816786673816976,0.07579788664560641,0.28053784683073313,Polyp,contrast,cross_entropy,16
445,0.833555285226215,0.17816786663062203,0.07579788653808342,0.2805378467231606,Polyp,contrast,cross_entropy,16
446,0.8351848438532665,0.1781678665243217,0.0757978864318131,0.28053784661683034,Polyp,contrast,cross_entropy,16
447,0.8368144024803181,0.178167866419838,0.07579788632736502,0.280537846512311,Polyp,contrast,cross_entropy,16
448,0.8384439611073696,0.17816786631805834,0.0757978862256276,0.28053784641048907,Polyp,contrast,cross_entropy,16
449,0.8400735197344211,0.17816786622027053,0.07579788612789051,0.28053784631265055,Polyp,contrast,cross_entropy,16
450,0.8417030783614727,0.17816786612778804,0.07579788603546912,0.28053784622010697,Polyp,contrast,cross_entropy,16
451,0.8433326369885242,0.1781678660419243,0.07579788594967875,0.2805378461341699,Polyp,contrast,cross_entropy,16
452,0.8449621956155757,0.17816786596399276,0.07579788587183471,0.2805378460561508,Polyp,contrast,cross_entropy,16
453,0.8465917542426273,0.178167974274693,0.07579808733923309,0.2805378612101529,Polyp,contrast,cross_entropy,16
454,0.8482213128696788,0.17816999906863895,0.07580184504926851,0.2805381530880094,Polyp,contrast,cross_entropy,16
455,0.8498508714967303,0.17817709798056167,0.07581490651696075,0.28053928944416257,Polyp,contrast,cross_entropy,16
456,0.8514804301237819,0.1781924658193218,0.07584258018251222,0.2805423514561314,Polyp,contrast,cross_entropy,16
457,0.8531099887508334,0.17821929739378,0.07588892235397796,0.2805496724335821,Polyp,contrast,cross_entropy,16
458,0.8547395473778849,0.1782607875127968,0.07595563521524563,0.280565939810348,Polyp,contrast,cross_entropy,16
459,0.8563691060049365,0.1783194166562363,0.07603965530125183,0.28059917801122075,Polyp,contrast,cross_entropy,16
460,0.857998664631988,0.17839174388398793,0.07612675344903277,0.2806567343189431,Polyp,contrast,cross_entropy,16
461,0.8596282232590396,0.17847140038492865,0.076201512812867,0.28074128795699027,Polyp,contrast,cross_entropy,16
462,0.8612577818860911,0.17855199653908022,0.07625457796503386,0.28084941511312655,Polyp,contrast,cross_entropy,16
463,0.8628873405131426,0.17862714272646402,0.07628361365695281,0.28097067179597524,Polyp,contrast,cross_entropy,16
464,0.8645168991401943,0.17869044932710182,0.07629278540877767,0.281088113245426,Polyp,contrast,cross_entropy,16
465,0.8661464577672457,0.1787371482740043,0.07629151774276861,0.28118277880524,Polyp,contrast,cross_entropy,16
466,0.8677760163942972,0.17877021227791645,0.0762930453314194,0.2812473792244135,Polyp,contrast,cross_entropy,16
467,0.8694055750213489,0.17879492127878777,0.07630817887588852,0.281281663681687,Polyp,contrast,cross_entropy,16
468,0.8710351336484004,0.17881655561245458,0.07634376142599851,0.2812893497989106,Polyp,contrast,cross_entropy,16
469,0.8726646922754518,0.17884039561475326,0.07640229318816148,0.281278498041345,Polyp,contrast,cross_entropy,16
470,0.8742942509025035,0.17887171905651872,0.07648115816356699,0.28126227994947045,Polyp,contrast,cross_entropy,16
471,0.875923809529555,0.17891361480042045,0.07656875298117584,0.2812584766196651,Polyp,contrast,cross_entropy,16
472,0.8775533681566066,0.17896299390298628,0.07664357326833743,0.28128241453763514,Polyp,contrast,cross_entropy,16
473,0.8791829267836581,0.1790156853107311,0.07668947547923707,0.2813418951422251,Polyp,contrast,cross_entropy,16
474,0.8808124854107096,0.1790675179701697,0.07670045027141932,0.2814345856689201,Polyp,contrast,cross_entropy,16
475,0.8824420440377612,0.1791143208278171,0.07668126930303554,0.28154737235259863,Polyp,contrast,cross_entropy,16
476,0.8840716026648127,0.17915202775718303,0.07664596532348852,0.2816580901908775,Polyp,contrast,cross_entropy,16
477,0.8857011612918642,0.17918509102493677,0.07661909036809605,0.2817510916817775,Polyp,contrast,cross_entropy,16
478,0.8873307199189158,0.17923263337047576,0.07663204043062939,0.28183322631032215,Polyp,contrast,cross_entropy,16
479,0.8889602785459673,0.17931522804397598,0.07671047622370532,0.28191997986424666,Polyp,contrast,cross_entropy,16
480,0.8905898371730188,0.17945344829561322,0.07687176719291128,0.28203512939831515,Polyp,contrast,cross_entropy,16
481,0.8922193958000704,0.17966786737556345,0.07712211491579285,0.28221361983533405,Polyp,contrast,cross_entropy,16
482,0.8938489544271219,0.17997950959791306,0.07745287916798864,0.28250614002783747,Polyp,contrast,cross_entropy,16
483,0.8954785130541734,0.18042136039923656,0.07785740956047686,0.28298531123799625,Polyp,contrast,cross_entropy,16
484,0.897108071681225,0.18103932044448545,0.0783610909533069,0.283717549935664,Polyp,contrast,cross_entropy,16
485,0.8987376303082765,0.1818799326360931,0.07902481050433433,0.2847350547678519,Polyp,contrast,cross_entropy,16
486,0.900367188935328,0.182989739876493,0.07994245993251368,0.2860370198204723,Polyp,contrast,cross_entropy,16
487,0.9019967475623796,0.18441528506811888,0.08122509330254957,0.2876054768336882,Polyp,contrast,cross_entropy,16
488,0.9036263061894311,0.18619430226318068,0.0829593180356444,0.289429286490717,Polyp,contrast,cross_entropy,16
489,0.9052558648164826,0.18825447775918347,0.08503656103949118,0.29147239447887574,Polyp,contrast,cross_entropy,16
490,0.9068854234435342,0.19044869211804002,0.08722397306098421,0.2936734111750958,Polyp,contrast,cross_entropy,16
491,0.9085149820705857,0.19262839636623938,0.08930821813164463,0.2959485746008341,Polyp,contrast,cross_entropy,16
492,0.9101445406976372,0.1946450415302709,0.09112239228540947,0.29816769077513233,Polyp,contrast,cross_entropy,16
493,0.9117740993246888,0.19635007863662426,0.09255394598211104,0.3001462112911375,Polyp,contrast,cross_entropy,16
494,0.9134036579517403,0.19761656101623432,0.09355181347346679,0.3016813085590018,Polyp,contrast,cross_entropy,16
495,0.9150332165787918,0.19846566421510572,0.09418937458206722,0.30274195384814423,Polyp,contrast,cross_entropy,16
496,0.9166627752058434,0.1989806940222046,0.09456386602530549,0.30339752201910375,Polyp,contrast,cross_entropy,16
497,0.9182923338328949,0.1992451687856151,0.09475259987568517,0.303737737695545,Polyp,contrast,cross_entropy,16
498,0.9199218924599465,0.1993426068534216,0.0948215237494676,0.30386368995737556,Polyp,contrast,cross_entropy,16
499,0.921551451086998,0.19935652657370828,0.09483134324323725,0.3038817099041793,Polyp,contrast,cross_entropy,16
500,0.7393221072852612,0.17317064224445844,0.022101890437443317,0.32423939405147356,Polyp,hue,cross_entropy,16
501,0.7412108122700393,0.17318416557849348,0.02213088265639765,0.32423744850058933,Polyp,hue,cross_entropy,16
502,0.7430995172548174,0.1732788289182114,0.02233356616890722,0.32422409166751553,Polyp,hue,cross_entropy,16
503,0.7449882222395955,0.173535772269204,0.022881389440518873,0.3241901550978891,Polyp,hue,cross_entropy,16
504,0.7468769272243736,0.1740361356370633,0.02393841984710629,0.32413385142702034,Polyp,hue,cross_entropy,16
505,0.7487656322091517,0.17486105902738122,0.02565253456383007,0.3240695834909324,Polyp,hue,cross_entropy,16
506,0.7506543371939298,0.17609155575073954,0.02814209358948011,0.32404101791199896,Polyp,hue,cross_entropy,16
507,0.7525430421787079,0.17777160663548427,0.03140467772008165,0.3241385355508869,Polyp,hue,cross_entropy,16
508,0.754431747163486,0.17985690485749495,0.03523198037348918,0.3244818293415007,Polyp,hue,cross_entropy,16
509,0.7563204521482642,0.1822902676256903,0.0394080400044646,0.32517249524691605,Polyp,hue,cross_entropy,16
510,0.7582091571330423,0.18501451214898923,0.04375674840310398,0.3262722758948745,Polyp,hue,cross_entropy,16
511,0.7600978621178203,0.18797245563631002,0.04815467137221699,0.327790239900403,Polyp,hue,cross_entropy,16
512,0.7619865671025984,0.19110660446775968,0.052535218668618405,0.3296779902669009,Polyp,hue,cross_entropy,16
513,0.7638752720873765,0.1943431997546273,0.056855871610003744,0.3318305278992508,Polyp,hue,cross_entropy,16
514,0.7657639770721546,0.1975845545457504,0.06106457262735446,0.3341045364641464,Polyp,hue,cross_entropy,16
515,0.7676526820569327,0.2007310665513135,0.06512177981956585,0.33634035328306117,Polyp,hue,cross_entropy,16
516,0.7695413870417108,0.20368313348150105,0.06899417610066341,0.33837209086233866,Polyp,hue,cross_entropy,16
517,0.7714300920264889,0.2063411530464975,0.07264149061587352,0.3400408154771215,Polyp,hue,cross_entropy,16
518,0.773318797011267,0.20860912851707908,0.0759996903639453,0.3412185666702129,Polyp,hue,cross_entropy,16
519,0.7752075019960452,0.21046357004780233,0.07897839897470413,0.34194874112090057,Polyp,hue,cross_entropy,16
520,0.7770962069808233,0.2119481382680591,0.08148605685021831,0.3424102196858999,Polyp,hue,cross_entropy,16
521,0.7789849119656014,0.21310902610768412,0.08346118471226871,0.3427568675030995,Polyp,hue,cross_entropy,16
522,0.7808736169503795,0.21399242649651243,0.08489792592651185,0.343086927066513,Polyp,hue,cross_entropy,16
523,0.7827623219351576,0.2146445323643786,0.08585443201953441,0.3434346327092228,Polyp,hue,cross_entropy,16
524,0.7846510269199357,0.21511055529653403,0.08644199472241496,0.34377911587065313,Polyp,hue,cross_entropy,16
525,0.7865397319047138,0.21542578155456654,0.0867857372525365,0.3440658258565966,Polyp,hue,cross_entropy,16
526,0.7884284368894919,0.21561973427226566,0.08697563738714831,0.344263831157383,Polyp,hue,cross_entropy,16
527,0.79031714187427,0.21572186559495282,0.08706902125348337,0.3443747099364223,Polyp,hue,cross_entropy,16
528,0.7922058468590482,0.21576162766794935,0.08710414404438543,0.34441911129151326,Polyp,hue,cross_entropy,16
529,0.7940945518438263,0.2157684726365766,0.08711012061614995,0.34442682465700325,Polyp,hue,cross_entropy,16
530,0.7959832568286043,0.21576848060614492,0.08711012755956385,0.34442683365272597,Polyp,hue,cross_entropy,16
531,0.7978719618133824,0.21576848058065123,0.08711012753395134,0.34442683362735116,Polyp,hue,cross_entropy,16
532,0.7997606667981605,0.215768480551602,0.08711012750480576,0.3444268335983982,Polyp,hue,cross_entropy,16
533,0.8016493717829386,0.21576848051751993,0.08711012747065011,0.34442683356438974,Polyp,hue,cross_entropy,16
534,0.8035380767677167,0.21576848047692765,0.08711012743000734,0.34442683352384795,Polyp,hue,cross_entropy,16
535,0.8054267817524948,0.21576848042834812,0.08711012738140067,0.34442683347529557,Polyp,hue,cross_entropy,16
536,0.8073154867372729,0.21576848037077243,0.08711012732382153,0.3444268334177233,Polyp,hue,cross_entropy,16
537,0.809204191722051,0.21576848030476353,0.08711012725783365,0.34442683335169344,Polyp,hue,cross_entropy,16
538,0.8110928967068292,0.21576848023121334,0.08711012718432964,0.34442683327809703,Polyp,hue,cross_entropy,16
539,0.8129816016916073,0.21576848015101407,0.08711012710420266,0.3444268331978255,Polyp,hue,cross_entropy,16
540,0.8148703066763854,0.21576848006505758,0.08711012701834514,0.34442683311177,Polyp,hue,cross_entropy,16
541,0.8167590116611635,0.21576847997423818,0.08711012692765233,0.344426833020824,Polyp,hue,cross_entropy,16
542,0.8186477166459416,0.21576847987973047,0.08711012683330055,0.3444268329261604,Polyp,hue,cross_entropy,16
543,0.8205364216307197,0.21576847978327712,0.08711012673703622,0.344426832829518,Polyp,hue,cross_entropy,16
544,0.8224251266154978,0.21576847968668936,0.08711012664067447,0.34442683273270425,Polyp,hue,cross_entropy,16
545,0.8243138316002759,0.2157684795917781,0.08711012654603026,0.34442683263752594,Polyp,hue,cross_entropy,16
546,0.826202536585054,0.21576847950035458,0.08711012645491872,0.34442683254579043,Polyp,hue,cross_entropy,16
547,0.8280912415698322,0.21576856735003525,0.08711029120047847,0.344426843499592,Polyp,hue,cross_entropy,16
548,0.8299799465546103,0.21577202343018087,0.08711675639960054,0.3444272904607612,Polyp,hue,cross_entropy,16
549,0.8318686515393883,0.21578614872180046,0.08714291391774817,0.34442938352585273,Polyp,hue,cross_entropy,16
550,0.8337573565241665,0.2158185005785137,0.08720121219178201,0.3444357889652454,Polyp,hue,cross_entropy,16
551,0.8356460615089445,0.21587663635394,0.08730033166869083,0.34445294103918916,Polyp,hue,cross_entropy,16
552,0.8375347664937226,0.21596811340169883,0.0874416055291902,0.3444946212742075,Polyp,hue,cross_entropy,16
553,0.8394234714785007,0.2161003442245849,0.08761401275772532,0.3445866756914445,Polyp,hue,cross_entropy,16
554,0.8413121764632788,0.21627846962990604,0.08779246017771483,0.3447644790820973,Polyp,hue,cross_entropy,16
555,0.8432008814480569,0.21650582674249869,0.08796275132027218,0.34504890216472517,Polyp,hue,cross_entropy,16
556,0.845089586432835,0.21678570300336641,0.08813882509687399,0.34543258090985884,Polyp,hue,cross_entropy,16
557,0.8469782914176132,0.2171213858535127,0.08836216875100314,0.3458806029560223,Polyp,hue,cross_entropy,16
558,0.8488669964023913,0.21751616273394117,0.08869119760301519,0.34634112786486715,Polyp,hue,cross_entropy,16
559,0.8507557013871694,0.21797089629274624,0.08917402602838906,0.3467677665571034,Polyp,hue,cross_entropy,16
560,0.8526444063719475,0.21846634889196992,0.0897755890340792,0.3471571087498606,Polyp,hue,cross_entropy,16
561,0.8545331113567256,0.21897334422267337,0.09041430280050888,0.34753238564483785,Polyp,hue,cross_entropy,16
562,0.8564218163415037,0.21946263534016613,0.09101336247861191,0.34791190820172035,Polyp,hue,cross_entropy,16
563,0.8583105213262818,0.21990497529975772,0.09151623333272788,0.3482937172667876,Polyp,hue,cross_entropy,16
564,0.8601992263110599,0.2202711171567578,0.09189264243399506,0.3486495918795205,Polyp,hue,cross_entropy,16
565,0.862087931295838,0.22053843485945426,0.09214090493685226,0.34893596478205624,Polyp,hue,cross_entropy,16
566,0.8639766362806162,0.22071590839139055,0.09229305145757982,0.3491387653252013,Polyp,hue,cross_entropy,16
567,0.8658653412653943,0.22082193828403013,0.0923791255503783,0.34926475101768195,Polyp,hue,cross_entropy,16
568,0.8677540462501723,0.22087492668526476,0.09242078933606124,0.3493290640344683,Polyp,hue,cross_entropy,16
569,0.8696427512349505,0.22089327574298662,0.09243500692681245,0.3493515445591608,Polyp,hue,cross_entropy,16
570,0.8715314562197285,0.22089538674440715,0.0924366376551114,0.3493541358337029,Polyp,hue,cross_entropy,16
571,0.8734201612045067,0.22089892649349796,0.09244105455747295,0.34935679842952294,Polyp,hue,cross_entropy,16
572,0.8753088661892847,0.22091948884519508,0.09246663703365354,0.3493723406567366,Polyp,hue,cross_entropy,16
573,0.8771975711740628,0.22097230455483935,0.09253175909305081,0.3494128500166279,Polyp,hue,cross_entropy,16
574,0.8790862761588409,0.22107260437777174,0.09265309797171509,0.34949211078382836,Polyp,hue,cross_entropy,16
575,0.880974981143619,0.2212356190693333,0.09284378754960898,0.34962745058905764,Polyp,hue,cross_entropy,16
576,0.8828636861283972,0.22147638562908792,0.09311065428301271,0.3498421169751631,Polyp,hue,cross_entropy,16
577,0.8847523911131753,0.22179421118760229,0.09343593798514035,0.3501524843900642,Polyp,hue,cross_entropy,16
578,0.8866410960979534,0.22216131271773054,0.0937734170679824,0.3505492083674787,Polyp,hue,cross_entropy,16
579,0.8885298010827315,0.22254722871246602,0.09408403140386803,0.351010426021064,Polyp,hue,cross_entropy,16
580,0.8904185060675096,0.22292149766480185,0.09434210961211018,0.3515008857174935,Polyp,hue,cross_entropy,16
581,0.8923072110522877,0.22325365806773145,0.09453564740438669,0.3519716687310762,Polyp,hue,cross_entropy,16
582,0.8941959160370658,0.22351404203785996,0.09466408994110032,0.3523639941346196,Polyp,hue,cross_entropy,16
583,0.8960846210218439,0.22369402666792174,0.09474095254616435,0.3526471007896791,Polyp,hue,cross_entropy,16
584,0.897973326006622,0.22380771272672492,0.09478449318884338,0.3528309322646065,Polyp,hue,cross_entropy,16
585,0.8998620309914002,0.22387033096669698,0.09480682177663974,0.3529338401567542,Polyp,hue,cross_entropy,16
586,0.9017507359761783,0.22389711214026523,0.09481601322642014,0.3529782110541103,Polyp,hue,cross_entropy,16
587,0.9036394409609563,0.2239032869998571,0.09481810203352062,0.35298847196619354,Polyp,hue,cross_entropy,16
588,0.9055281459457345,0.22390339859415329,0.09481813967215488,0.3529886575161517,Polyp,hue,cross_entropy,16
589,0.9074168509305125,0.22390339858347902,0.09481813966128028,0.35298865750567776,Polyp,hue,cross_entropy,16
590,0.9093055559152907,0.22390339857147343,0.09481813964912028,0.3529886574938266,Polyp,hue,cross_entropy,16
591,0.9111942609000687,0.22390339855846259,0.09481813963599292,0.3529886574809322,Polyp,hue,cross_entropy,16
592,0.9130829658848468,0.22390339854477279,0.09481813962221655,0.352988657467329,Polyp,hue,cross_entropy,16
593,0.9149716708696249,0.22390339853073024,0.09481813960810945,0.35298865745335106,Polyp,hue,cross_entropy,16
594,0.916860375854403,0.22390339851666075,0.09481813959398991,0.3529886574393316,Polyp,hue,cross_entropy,16
595,0.9187490808391812,0.22390339850288665,0.09481813958017699,0.3529886574255963,Polyp,hue,cross_entropy,16
596,0.9206377858239593,0.22390339848972898,0.09481813956699,0.352988657412468,Polyp,hue,cross_entropy,16
597,0.9225264908087374,0.2239033984775088,0.09481813955474835,0.3529886574002693,Polyp,hue,cross_entropy,16
598,0.9244151957935155,0.22390339846654705,0.0948181395437713,0.35298865738932284,Polyp,hue,cross_entropy,16
599,0.9263039007782936,0.22390339845716478,0.09481813953437818,0.3529886573799514,Polyp,hue,cross_entropy,16
600,0.7903497070074081,0.21229274330312417,0.005485170816512702,0.4191003157897356,Polyp,multnoise,cross_entropy,16
601,0.792467386734606,0.2129543555665017,0.006318760257419703,0.4195899508755837,Polyp,multnoise,cross_entropy,16
602,0.7945850664618039,0.21339141217573326,0.006816315223637404,0.4199665091278291,Polyp,multnoise,cross_entropy,16
603,0.7967027461890018,0.21365046735120904,0.007091263440942325,0.4202096712614758,Polyp,multnoise,cross_entropy,16
604,0.7988204259161997,0.21377807531331927,0.007221235467361364,0.4203349151592772,Polyp,multnoise,cross_entropy,16
605,0.8009381056433976,0.2138207902824542,0.007263935958253864,0.42037764460665455,Polyp,multnoise,cross_entropy,16
606,0.8030557853705955,0.2138251238382563,0.007268245462456524,0.4203820022140561,Polyp,multnoise,cross_entropy,16
607,0.8051734650977934,0.2138251238278094,0.007268245451985456,0.42038200220363336,Polyp,multnoise,cross_entropy,16
608,0.8072911448249913,0.21382512381435245,0.007268245438508569,0.42038200219019634,Polyp,multnoise,cross_entropy,16
609,0.8094088245521892,0.21382512379775137,0.0072682454218929715,0.42038200217360977,Polyp,multnoise,cross_entropy,16
610,0.8115265042793871,0.2138251237778718,0.007268245402005491,0.4203820021537381,Polyp,multnoise,cross_entropy,16
611,0.813644184006585,0.21382512375457952,0.007268245378713151,0.42038200213044585,Polyp,multnoise,cross_entropy,16
612,0.8157618637337829,0.2138251237277434,0.007268245351886055,0.42038200210360077,Polyp,multnoise,cross_entropy,16
613,0.8178795434609808,0.21382512369738493,0.007268245321547129,0.42038200207322274,Polyp,multnoise,cross_entropy,16
614,0.8199972231881787,0.21382512366375092,0.007268245287945091,0.4203820020395568,Polyp,multnoise,cross_entropy,16
615,0.8221149029153766,0.2138251236271061,0.007268245251346617,0.4203820020028656,Polyp,multnoise,cross_entropy,16
616,0.8242325826425745,0.21382512358771505,0.0072682452120181595,0.4203820019634119,Polyp,multnoise,cross_entropy,16
617,0.8263502623697724,0.21382512354584265,0.007268245170226562,0.42038200192145875,Polyp,multnoise,cross_entropy,16
618,0.8284679420969703,0.21382512350179037,0.007268245126275413,0.42038200187730534,Polyp,multnoise,cross_entropy,16
619,0.8305856218241682,0.21382512345659999,0.007268245081212599,0.4203820018319874,Polyp,multnoise,cross_entropy,16
620,0.8327033015513661,0.21382512341199883,0.007268245036775478,0.4203820017872222,Polyp,multnoise,cross_entropy,16
621,0.834820981278564,0.21382512336973997,0.0072682449947271965,0.4203820017447527,Polyp,multnoise,cross_entropy,16
622,0.8369386610057619,0.21382512333157677,0.007268244956831205,0.42038200170632234,Polyp,multnoise,cross_entropy,16
623,0.8390563407329598,0.21382512329926226,0.0072682449248506475,0.4203820016736739,Polyp,multnoise,cross_entropy,16
624,0.8411740204601577,0.21383270944404734,0.007276540953439353,0.4203888779346553,Polyp,multnoise,cross_entropy,16
625,0.8432917001873556,0.21393219449060408,0.007385296158884058,0.4204790928223241,Polyp,multnoise,cross_entropy,16
626,0.8454093799145534,0.21425244234882612,0.007734889698361946,0.4207699949992903,Polyp,multnoise,cross_entropy,16
627,0.8475270596417513,0.2149228656966552,0.008464297505235946,0.4213814338880745,Polyp,multnoise,cross_entropy,16
628,0.8496447393689492,0.21607287721203308,0.009707760751320016,0.42243799367274615,Polyp,multnoise,cross_entropy,16
629,0.8517624190961471,0.2178318895729016,0.011590799984777328,0.4240729791610258,Polyp,multnoise,cross_entropy,16
630,0.853880098823345,0.2202848652442318,0.014178477558159985,0.4263912529303036,Polyp,multnoise,cross_entropy,16
631,0.8559977785505429,0.22326299877884087,0.017260151772515886,0.42926584578516586,Polyp,multnoise,cross_entropy,16
632,0.8581154582777408,0.2265075701802271,0.020542527189455262,0.43247261317099894,Polyp,multnoise,cross_entropy,16
633,0.8602331380049387,0.22975975408842128,0.023754076943904995,0.43576543123293754,Polyp,multnoise,cross_entropy,16
634,0.8623508177321366,0.2327607251434537,0.026647847174610134,0.4388736031122973,Polyp,multnoise,cross_entropy,16
635,0.8644684974593345,0.2352516792502701,0.028999078694584596,0.44150427980595564,Polyp,multnoise,cross_entropy,16
636,0.8665861771865324,0.23709774423774788,0.030718348722425348,0.4434771397530704,Polyp,multnoise,cross_entropy,16
637,0.8687038569137303,0.2385798408154523,0.03212023557945365,0.44503944605145096,Polyp,multnoise,cross_entropy,16
638,0.8708215366409282,0.2400659907843049,0.03359103239623115,0.44654094917237863,Polyp,multnoise,cross_entropy,16
639,0.8729392163681262,0.24192421594522762,0.03550186190519586,0.44834656998525935,Polyp,multnoise,cross_entropy,16
640,0.875056896095324,0.2445225380991416,0.03820580315402469,0.4508392730442585,Polyp,multnoise,cross_entropy,16
641,0.877174575822522,0.24822772435586513,0.042031672959705946,0.4544237757520243,Polyp,multnoise,cross_entropy,16
642,0.8792922555497198,0.2532300028659604,0.04710577721451681,0.45935422851740404,Polyp,multnoise,cross_entropy,16
643,0.8814099352769178,0.2593625637426851,0.05320586541483202,0.46551926207053823,Polyp,multnoise,cross_entropy,16
644,0.8835276150041156,0.2664155259062371,0.06011595322381169,0.47271509858866256,Polyp,multnoise,cross_entropy,16
645,0.8856452947313136,0.274179008276817,0.06767402128671676,0.4806839952669173,Polyp,multnoise,cross_entropy,16
646,0.8877629744585114,0.2824431297746224,0.07575408801251562,0.48913217153672917,Polyp,multnoise,cross_entropy,16
647,0.8898806541857094,0.29099718806928443,0.08422561449625032,0.49776876164231854,Polyp,multnoise,cross_entropy,16
648,0.8919983339129072,0.29960066680100533,0.09283869054979091,0.5063626430522198,Polyp,multnoise,cross_entropy,16
649,0.8941160136401052,0.30797549954385806,0.10122328645903861,0.5147277126286776,Polyp,multnoise,cross_entropy,16
650,0.8962336933673031,0.315841225555383,0.10903276124978534,0.5226496898609807,Polyp,multnoise,cross_entropy,16
651,0.898351373094501,0.32291738409312226,0.1159820023370832,0.5298527658491613,Polyp,multnoise,cross_entropy,16
652,0.9004690528216989,0.32892351441461776,0.12184598177350517,0.5360010470557304,Polyp,multnoise,cross_entropy,16
653,0.9025867325488968,0.33361220820825904,0.12645444268250902,0.540769973734009,Polyp,multnoise,cross_entropy,16
654,0.9047044122760947,0.33725441843542475,0.13007586371508761,0.5444329731557619,Polyp,multnoise,cross_entropy,16
655,0.9068220920032926,0.3405326669264125,0.13332419219209782,0.5477411416607272,Polyp,multnoise,cross_entropy,16
656,0.9089397717304905,0.34414081249530054,0.13684677289672648,0.5514348520938746,Polyp,multnoise,cross_entropy,16
657,0.9110574514576883,0.3487727139561676,0.141341597434273,0.5562038304780622,Polyp,multnoise,cross_entropy,16
658,0.9131751311848862,0.355122230123092,0.14755459284711253,0.5626898673990715,Polyp,multnoise,cross_entropy,16
659,0.9152928109120841,0.36382156647164504,0.15617870679569995,0.5714644261475901,Polyp,multnoise,cross_entropy,16
660,0.917410490639282,0.37499185401181323,0.1673136336550086,0.5826700743686178,Polyp,multnoise,cross_entropy,16
661,0.9195281703664799,0.38850152083448525,0.18076798441736946,0.5962350572516011,Polyp,multnoise,cross_entropy,16
662,0.9216458500936778,0.40421719902979303,0.19637863372251307,0.612055764337073,Polyp,multnoise,cross_entropy,16
663,0.9237635298208757,0.4220055206878683,0.2140306125969036,0.629980428778833,Polyp,multnoise,cross_entropy,16
664,0.9258812095480736,0.44173311789884223,0.23364816129197097,0.6498180745057135,Polyp,multnoise,cross_entropy,16
665,0.9279988892752715,0.46320841526751666,0.25508847085477787,0.6713283596802555,Polyp,multnoise,cross_entropy,16
666,0.9301165690024694,0.4859619733946249,0.27784289830490977,0.69408104848434,Polyp,multnoise,cross_entropy,16
667,0.9322342487296673,0.5094415322694497,0.3013097134183691,0.7175733511205302,Polyp,multnoise,cross_entropy,16
668,0.9343519284568652,0.5330948176704614,0.3249340049104694,0.7412556304304534,Polyp,multnoise,cross_entropy,16
669,0.9364696081840631,0.5563695553761304,0.3482167124091775,0.7645223983430833,Polyp,multnoise,cross_entropy,16
670,0.938587287911261,0.5787135452045469,0.37069365064274795,0.7867334397663458,Polyp,multnoise,cross_entropy,16
671,0.9407049676384589,0.5996377705340349,0.39191745199239986,0.80735808907567,Polyp,multnoise,cross_entropy,16
672,0.9428226473656568,0.6188315391663222,0.41147745717363193,0.8261856211590124,Polyp,multnoise,cross_entropy,16
673,0.9449403270928547,0.636015394367585,0.42896560962829083,0.8430651791068793,Polyp,multnoise,cross_entropy,16
674,0.9470580068200526,0.6509098794040011,0.4440134681095198,0.8578062906984825,Polyp,multnoise,cross_entropy,16
675,0.9491756865472505,0.663235537541746,0.4563215062407596,0.8701495688427324,Polyp,multnoise,cross_entropy,16
676,0.9512933662744484,0.6727165803642218,0.46566657298860226,0.8797665877398413,Polyp,multnoise,cross_entropy,16
677,0.9534110460016463,0.6793750281203977,0.4721674806913661,0.8865825755494294,Polyp,multnoise,cross_entropy,16
678,0.9555287257288442,0.6837457905003302,0.4764372317775125,0.891054349223148,Polyp,multnoise,cross_entropy,16
679,0.9576464054560421,0.6864144880113897,0.4791006542192217,0.8937283218035577,Polyp,multnoise,cross_entropy,16
680,0.95976408518324,0.687966741160946,0.4807481296974883,0.8951853526244038,Polyp,multnoise,cross_entropy,16
681,0.9618817649104379,0.6889881704563696,0.48193563358538993,0.8960407073273493,Polyp,multnoise,cross_entropy,16
682,0.9639994446376358,0.6900681542132258,0.4831832486215139,0.8969530598049376,Polyp,multnoise,cross_entropy,16
683,0.9661171243648337,0.691895718719474,0.48507727580076143,0.8987141616381865,Polyp,multnoise,cross_entropy,16
684,0.9682348040920316,0.6952674868805376,0.48834190227031105,0.9021930714907642,Polyp,multnoise,cross_entropy,16
685,0.9703524838192294,0.7009854320748364,0.4937820983334703,0.9081887658162026,Polyp,multnoise,cross_entropy,16
686,0.9724701635464273,0.70985152768079,0.5022809884958461,0.9174220668657338,Polyp,multnoise,cross_entropy,16
687,0.9745878432736252,0.7226677470768181,0.514774472559375,0.9305610215942612,Polyp,multnoise,cross_entropy,16
688,0.9767055230008231,0.7401393822961241,0.5320963311085203,0.9481824334837279,Polyp,multnoise,cross_entropy,16
689,0.978823202728021,0.7617638986188997,0.5537383464736221,0.9697894507641773,Polyp,multnoise,cross_entropy,16
690,0.9809408824552189,0.7862177325913161,0.5782879688653182,0.994147496317314,Polyp,multnoise,cross_entropy,16
691,0.9830585621824168,0.8121616309244077,0.604346642126613,1.0199766197222024,Polyp,multnoise,cross_entropy,16
692,0.9851762419096147,0.8382563403292093,0.6305738281612201,1.0459388524971984,Polyp,multnoise,cross_entropy,16
693,0.9872939216368126,0.8631626075167558,0.6556781460782335,1.070647068955278,Polyp,multnoise,cross_entropy,16
694,0.9894116013640105,0.8856963703339447,0.6785201488266297,1.0928725918412596,Polyp,multnoise,cross_entropy,16
695,0.9915292810912084,0.9057376778599162,0.698914399584333,1.1125609561354994,Polyp,multnoise,cross_entropy,16
696,0.9936469608184063,0.9236129233590269,0.7170301374430286,1.1301957092750252,Polyp,multnoise,cross_entropy,16
697,0.9957646405456042,0.9396500271221151,0.7329973275577057,1.1463027266865244,Polyp,multnoise,cross_entropy,16
698,0.9978823202728021,0.9541769094400199,0.746931037276179,1.1614227816038607,Polyp,multnoise,cross_entropy,16
699,1.0,0.9675214906035803,0.7589494626351962,1.1760935185719643,Polyp,multnoise,cross_entropy,16
700,0.7893537990748882,0.17948747236174217,-0.04689924707372528,0.4058741917972096,Polyp,noise,cross_entropy,16
701,0.7914815383276554,0.17948942610162313,-0.046880259717002326,0.4058591119202486,Polyp,noise,cross_entropy,16
702,0.7936092775804225,0.1795031023231749,-0.04674778408518207,0.4057539887315319,Polyp,noise,cross_entropy,16
703,0.7957370168331898,0.17954022350958418,-0.04639206033732421,0.40547250735649254,Polyp,noise,cross_entropy,16
704,0.797864756085957,0.17961251214403753,-0.04571557103835763,0.4049405953264327,Polyp,noise,cross_entropy,16
705,0.7999924953387241,0.17973169070972161,-0.044647515475688876,0.40411089689513213,Polyp,noise,cross_entropy,16
706,0.8021202345914913,0.17990955087271443,-0.04316499916816477,0.4029841009135936,Polyp,noise,cross_entropy,16
707,0.8042479738442585,0.1801781062019904,-0.041338256527748,0.4016944689317288,Polyp,noise,cross_entropy,16
708,0.8063757130970256,0.18061758049244864,-0.03930754633201805,0.4005427073169153,Polyp,noise,cross_entropy,16
709,0.8085034523497928,0.18131522857060875,-0.03714297182370527,0.39977342896492274,Polyp,noise,cross_entropy,16
710,0.81063119160256,0.1823583052629901,-0.03480653426313418,0.3995231447891144,Polyp,noise,cross_entropy,16
711,0.8127589308553271,0.18383406539611225,-0.03215793514857343,0.39982606594079795,Polyp,noise,cross_entropy,16
712,0.8148866701080943,0.18582758802824037,-0.02899790953453954,0.4006530855910203,Polyp,noise,cross_entropy,16
713,0.8170144093608616,0.18831009708532803,-0.025318748397425234,0.40193894256808127,Polyp,noise,cross_entropy,16
714,0.8191421486136287,0.19108532262974623,-0.02143223984772616,0.40360288510721865,Polyp,noise,cross_entropy,16
715,0.8212698878663959,0.19394358755929866,-0.017675215578441872,0.4055623906970392,Polyp,noise,cross_entropy,16
716,0.8233976271191631,0.19667521477178873,-0.014334948694952165,0.4076853782385296,Polyp,noise,cross_entropy,16
717,0.8255253663719302,0.19907052716501974,-0.011622569887620005,0.4097636242176595,Polyp,noise,cross_entropy,16
718,0.8276531056246974,0.20092777065586928,-0.009667245289818799,0.4115227866015574,Polyp,noise,cross_entropy,16
719,0.8297808448774646,0.20220452100980182,-0.00840017068779289,0.41280921270739657,Polyp,noise,cross_entropy,16
720,0.8319085841302318,0.20300591342981777,-0.007636987966082559,0.41364881482571814,Polyp,noise,cross_entropy,16
721,0.8340363233829989,0.20344264770844536,-0.007231506071181393,0.4141168014880721,Polyp,noise,cross_entropy,16
722,0.8361640626357661,0.20362542363821276,-0.007063992419306414,0.4143148396957319,Polyp,noise,cross_entropy,16
723,0.8382918018885334,0.20366494101164803,-0.0070279441649922225,0.4143578261882883,Polyp,noise,cross_entropy,16
724,0.8404195411413005,0.20367674733852792,-0.007015324513179405,0.41436881919023527,Polyp,noise,cross_entropy,16
725,0.8425472803940677,0.20382541996332293,-0.006855512361746224,0.41450635228839205,Polyp,noise,cross_entropy,16
726,0.8446750196468349,0.20430400534777066,-0.006341971624272413,0.4149499823198137,Polyp,noise,cross_entropy,16
727,0.846802758899602,0.20530590062759937,-0.005271365198093153,0.41588316645329193,Polyp,noise,cross_entropy,16
728,0.8489304981523692,0.20702450293853752,-0.003448991236152388,0.41749799711322744,Polyp,noise,cross_entropy,16
729,0.8510582374051364,0.20965320941631338,-0.000696054537215024,0.42000247336984176,Polyp,noise,cross_entropy,16
730,0.8531859766579035,0.21332190618163488,0.0030768455872540457,0.4235669667760157,Polyp,noise,cross_entropy,16
731,0.8553137159106707,0.21779789261820037,0.007579842714695639,0.4280159425217051,Polyp,noise,cross_entropy,16
732,0.857441455163438,0.2227199970876208,0.012428884170210097,0.4330111100050315,Polyp,noise,cross_entropy,16
733,0.859569194416205,0.22772689740687901,0.017291299410576028,0.438162495403182,Polyp,noise,cross_entropy,16
734,0.8616969336689723,0.23245727139295827,0.02187634240846148,0.44303820037745506,Polyp,noise,cross_entropy,16
735,0.8638246729217395,0.2365498148391182,0.025906192670010375,0.447193437008226,Polyp,noise,cross_entropy,16
736,0.8659524121745066,0.23974798927973506,0.02915691504439369,0.45033906351507647,Polyp,noise,cross_entropy,16
737,0.8680801514272738,0.24214674638920888,0.03164831739379975,0.452645175384618,Polyp,noise,cross_entropy,16
738,0.870207890680041,0.24391466867166006,0.033468704616959416,0.45436063272636074,Polyp,noise,cross_entropy,16
739,0.8723356299328081,0.24522033863120918,0.034756443892045935,0.45568423337037245,Polyp,noise,cross_entropy,16
740,0.8744633691855753,0.24623233877197703,0.03570993623686897,0.4567547413070851,Polyp,noise,cross_entropy,16
741,0.8765911084383425,0.2471196092508623,0.03656562599722582,0.4576735925044988,Polyp,noise,cross_entropy,16
742,0.8787188476911096,0.24810141308830083,0.037573868667153204,0.45862895750944843,Polyp,noise,cross_entropy,16
743,0.8808465869438769,0.24949878787338445,0.039002424013714454,0.45999515173305444,Polyp,noise,cross_entropy,16
744,0.8829743261966441,0.2516450487444764,0.04113314365740223,0.4621569538315506,Polyp,noise,cross_entropy,16
745,0.8851020654494112,0.25487351083993964,0.04429189212281007,0.46545512955706925,Polyp,noise,cross_entropy,16
746,0.8872298047021784,0.25951748929813784,0.04885393852749101,0.4701810400687847,Polyp,noise,cross_entropy,16
747,0.8893575439549456,0.2659027647648169,0.05520955299603958,0.4765959765335942,Polyp,noise,cross_entropy,16
748,0.8914852832077127,0.2740815916406134,0.06341576146617939,0.48474742181504743,Polyp,noise,cross_entropy,16
749,0.8936130224604799,0.28376172447858855,0.07311160424978777,0.4944118447073893,Polyp,noise,cross_entropy,16
750,0.8957407617132471,0.294628951381022,0.08393034038623537,0.5053275623758087,Polyp,noise,cross_entropy,16
751,0.8978685009660143,0.3063690604501943,0.0955552241883397,0.5171828967120489,Polyp,noise,cross_entropy,16
752,0.8999962402187814,0.3186678397883851,0.10771979379550667,0.5296158857812635,Polyp,noise,cross_entropy,16
753,0.9021239794715487,0.33122336756088316,0.12018699215478304,0.5422597429669833,Polyp,noise,cross_entropy,16
754,0.9042517187243158,0.34392646699112367,0.1328422270509424,0.5550107069313049,Polyp,noise,cross_entropy,16
755,0.906379457977083,0.35682099716711435,0.1456708214335537,0.567971172900675,Polyp,noise,cross_entropy,16
756,0.9085071972298502,0.3699550326684728,0.15868949707271202,0.5812205682642335,Polyp,noise,cross_entropy,16
757,0.9106349364826174,0.3833766480748175,0.17196595305359644,0.5947873430960386,Polyp,noise,cross_entropy,16
758,0.9127626757353845,0.39713391796576575,0.18561119029210985,0.6086566456394217,Polyp,noise,cross_entropy,16
759,0.9148904149881517,0.41124667286616573,0.1997061145288623,0.6227872312034691,Polyp,noise,cross_entropy,16
760,0.9170181542409188,0.42550061461379,0.21399931468061476,0.6370019145469653,Polyp,noise,cross_entropy,16
761,0.919145893493686,0.4395656791323412,0.2280866731095659,0.6510446851551165,Polyp,noise,cross_entropy,16
762,0.9212736327464532,0.45311097957833474,0.24160754176963262,0.6646144173870369,Polyp,noise,cross_entropy,16
763,0.9234013719992205,0.4658056291082872,0.25426442792088555,0.6773468302956889,Polyp,noise,cross_entropy,16
764,0.9255291112519876,0.47731874087871395,0.265807083510474,0.6888303982469539,Polyp,noise,cross_entropy,16
765,0.9276568505047548,0.48737629959342144,0.2760225729679854,0.6987300262188575,Polyp,noise,cross_entropy,16
766,0.9297845897575219,0.4959757766173791,0.28483431896357364,0.7071172342711847,Polyp,noise,cross_entropy,16
767,0.9319123290102891,0.5031955630854802,0.2921988598172095,0.7141922663537509,Polyp,noise,cross_entropy,16
768,0.9340400682630563,0.5091140640172713,0.29810794732251145,0.7201201807120312,Polyp,noise,cross_entropy,16
769,0.9361678075158235,0.5138096844322999,0.30262380664280053,0.7249955622217993,Polyp,noise,cross_entropy,16
770,0.9382955467685906,0.517360933045846,0.3058874328469189,0.728834433244773,Polyp,noise,cross_entropy,16
771,0.9404232860213578,0.5199348099193829,0.3081775418839595,0.7316920779548063,Polyp,noise,cross_entropy,16
772,0.942551025274125,0.5219480662874383,0.30999553609584796,0.7339005964790286,Polyp,noise,cross_entropy,16
773,0.9446787645268921,0.5238612000219199,0.3118420647406783,0.7358803353031615,Polyp,noise,cross_entropy,16
774,0.9468065037796594,0.5261347089947371,0.3141798634072006,0.7380895545822737,Polyp,noise,cross_entropy,16
775,0.9489342430324266,0.5292290910777978,0.3174337661202477,0.7410244160353479,Polyp,noise,cross_entropy,16
776,0.9510619822851937,0.5336061761284916,0.32198623438659535,0.7452261178703878,Polyp,noise,cross_entropy,16
777,0.9531897215379609,0.5398359299134978,0.3282888521563905,0.7513830076706052,Polyp,noise,cross_entropy,16
778,0.9553174607907281,0.5486745510815074,0.33700618513625313,0.7603429170267617,Polyp,noise,cross_entropy,16
779,0.9574452000434952,0.5608966516485,0.3489010401085151,0.7728922631884849,Polyp,noise,cross_entropy,16
780,0.9595729392962624,0.5772768436304564,0.3648259585485445,0.7897277287123683,Polyp,noise,cross_entropy,16
781,0.9617006785490296,0.598589739043357,0.3857025927834136,0.8114768853033003,Polyp,noise,cross_entropy,16
782,0.9638284178017968,0.6255587784918918,0.41241802323631604,0.8386995337474675,Polyp,noise,cross_entropy,16
783,0.965956157054564,0.657550460684099,0.4443779649698321,0.8707229563983658,Polyp,noise,cross_entropy,16
784,0.9680838963073312,0.692466102903192,0.4793949757962257,0.9055372300101583,Polyp,noise,cross_entropy,16
785,0.9702116355600983,0.7281341631377876,0.5152236095592431,0.941044716716332,Polyp,noise,cross_entropy,16
786,0.9723393748128655,0.7623830993765103,0.549674145826265,0.9750920529267556,Polyp,noise,cross_entropy,16
787,0.9744671140656327,0.793041369607978,0.5806142829328238,1.0054684562831322,Polyp,noise,cross_entropy,16
788,0.9765948533183999,0.8180768343928527,0.6060692448545355,1.03008442393117,Polyp,noise,cross_entropy,16
789,0.978722592571167,0.8371988914577706,0.6257000270986308,1.0486977558169104,Polyp,noise,cross_entropy,16
790,0.9808503318239342,0.8513007606719615,0.6402672976660482,1.0623342236778748,Polyp,noise,cross_entropy,16
791,0.9829780710767013,0.8612982847112349,0.6505745309177976,1.0720220385046721,Polyp,noise,cross_entropy,16
792,0.9851058103294685,0.8681073062514019,0.6574878265715219,1.078726785931282,Polyp,noise,cross_entropy,16
793,0.9872335495822357,0.8726436679682729,0.6619514686893307,1.0833358672472149,Polyp,noise,cross_entropy,16
794,0.989361288835003,0.8757572942390824,0.6649079323040452,1.0866066561741197,Polyp,noise,cross_entropy,16
795,0.9914890280877701,0.8778461222735334,0.6668455703968154,1.0888466741502514,Polyp,noise,cross_entropy,16
796,0.9936167673405373,0.8791185021048128,0.6680112328114649,1.0902257713981607,Polyp,noise,cross_entropy,16
797,0.9957445065933044,0.8797821351531105,0.6685944491479817,1.0909698211582395,Polyp,noise,cross_entropy,16
798,0.9978722458460716,0.8800447228386168,0.6687107276637707,1.0913787180134629,Polyp,noise,cross_entropy,16
799,0.9999999850988388,0.8801139665815224,0.668366863933527,1.0918610692295179,Polyp,noise,cross_entropy,16
800,0.819568932056427,0.14026628704402214,0.011169972146406165,0.2693626019416381,Polyp,saltpepper,cross_entropy,16
801,0.8213914680962611,0.14361038780913946,0.0191169348846391,0.2681038407336398,Polyp,saltpepper,cross_entropy,16
802,0.8232140041360951,0.14683150853642074,0.02611558355343771,0.2675474335194038,Polyp,saltpepper,cross_entropy,16
803,0.8250365401759292,0.14988218650471702,0.0321306598850169,0.26763371312441714,Polyp,saltpepper,cross_entropy,16
804,0.8268590762157633,0.1527149589928794,0.03718841136381379,0.268241506621945,Polyp,saltpepper,cross_entropy,16
805,0.8286816122555973,0.15528236327975886,0.04136447631390784,0.2692002502456099,Polyp,saltpepper,cross_entropy,16
806,0.8305041482954314,0.15753701553706898,0.04476214367425395,0.270311887399884,Polyp,saltpepper,cross_entropy,16
807,0.8323266843352655,0.15945459202799508,0.047496727448146384,0.2714124566078438,Polyp,saltpepper,cross_entropy,16
808,0.8341492203750995,0.16106574565295606,0.049690536669489804,0.2724409546364223,Polyp,saltpepper,cross_entropy,16
809,0.8359717564149336,0.16240914716475283,0.051451857572771625,0.273366436756734,Polyp,saltpepper,cross_entropy,16
810,0.8377942924547677,0.16352346731618622,0.05288325399679489,0.27416368063557756,Polyp,saltpepper,cross_entropy,16
811,0.8396168284946017,0.16444737686005723,0.05408452528028687,0.2748102284398276,Polyp,saltpepper,cross_entropy,16
812,0.8414393645344358,0.1652193399807747,0.05514387543171173,0.2752948045298377,Polyp,saltpepper,cross_entropy,16
813,0.84326190057427,0.16586701140656648,0.05608767251768887,0.2756463502954441,Polyp,saltpepper,cross_entropy,16
814,0.845084436614104,0.166402143924815,0.056866282155934075,0.2759380056936959,Polyp,saltpepper,cross_entropy,16
815,0.8469069726539381,0.16683521744082014,0.05743220663878504,0.27623822824285527,Polyp,saltpepper,cross_entropy,16
816,0.8487295086937722,0.167176711859882,0.05777114046590065,0.27658228325386336,Polyp,saltpepper,cross_entropy,16
817,0.8505520447336062,0.16743710708730059,0.057914074742722615,0.2769601394318786,Polyp,saltpepper,cross_entropy,16
818,0.8523745807734403,0.16762716953354137,0.05793373668242885,0.2773206023846539,Polyp,saltpepper,cross_entropy,16
819,0.8541971168132744,0.16776342715327633,0.05792024266833709,0.27760661163821554,Polyp,saltpepper,cross_entropy,16
820,0.8560196528531084,0.1678677438142533,0.05794312145680659,0.2777923661717,Polyp,saltpepper,cross_entropy,16
821,0.8578421888929425,0.16796218460595477,0.05804520630839914,0.2778791629035104,Polyp,saltpepper,cross_entropy,16
822,0.8596647249327766,0.16806881461786366,0.05824636616563629,0.27789126307009104,Polyp,saltpepper,cross_entropy,16
823,0.8614872609726106,0.16820969893946242,0.0585439400931234,0.2778754577858014,Polyp,saltpepper,cross_entropy,16
824,0.8633097970124447,0.16840565017965228,0.05890857750167447,0.27790272285763007,Polyp,saltpepper,cross_entropy,16
825,0.8651323330522788,0.16866481335293412,0.05928098972095759,0.27804863698491067,Polyp,saltpepper,cross_entropy,16
826,0.8669548690921128,0.16898797804965288,0.05961764790855599,0.27835830819074975,Polyp,saltpepper,cross_entropy,16
827,0.8687774051319469,0.16937584325825952,0.05991893068158591,0.27883275583493317,Polyp,saltpepper,cross_entropy,16
828,0.870599941171781,0.16982910796720513,0.06022826302657598,0.2794299529078343,Polyp,saltpepper,cross_entropy,16
829,0.872422477211615,0.17034847116494073,0.06061582667212412,0.28008111565775734,Polyp,saltpepper,cross_entropy,16
830,0.8742450132514491,0.17093395157150315,0.061139082163774366,0.2807288209792319,Polyp,saltpepper,cross_entropy,16
831,0.8760675492912832,0.17158168422935835,0.06177465467273596,0.28138871378598074,Polyp,saltpepper,cross_entropy,16
832,0.8778900853311172,0.17228642812394598,0.062467872614259845,0.2821049836336321,Polyp,saltpepper,cross_entropy,16
833,0.8797126213709513,0.17304294062821787,0.0631770636644622,0.28290881759197356,Polyp,saltpepper,cross_entropy,16
834,0.8815351574107854,0.1738459791151256,0.06388546601528818,0.283806492214963,Polyp,saltpepper,cross_entropy,16
835,0.8833576934506194,0.17469031284624537,0.06459777778621675,0.28478284790627395,Polyp,saltpepper,cross_entropy,16
836,0.8851802294904536,0.17563999798700372,0.06538354261046675,0.2858964533635407,Polyp,saltpepper,cross_entropy,16
837,0.8870027655302877,0.1769915489785613,0.06650957411804681,0.2874735238390758,Polyp,saltpepper,cross_entropy,16
838,0.8888253015701217,0.17909017606821662,0.0682957598441649,0.2898845922922683,Polyp,saltpepper,cross_entropy,16
839,0.8906478376099558,0.18228108950326827,0.07109020633464982,0.29347197267188674,Polyp,saltpepper,cross_entropy,16
840,0.8924703736497899,0.18690949953101466,0.07527462106228483,0.2985443779997445,Polyp,saltpepper,cross_entropy,16
841,0.8942929096896239,0.19331954854634723,0.0812556964272017,0.30538340066549274,Polyp,saltpepper,cross_entropy,16
842,0.896115445729458,0.20170512877344582,0.08927701061397046,0.31413324693292116,Polyp,saltpepper,cross_entropy,16
843,0.8979379817692921,0.2119562616859075,0.09922815060833264,0.3246843727634824,Polyp,saltpepper,cross_entropy,16
844,0.8997605178091261,0.22392631138641816,0.11095436337058527,0.33689825940225104,Polyp,saltpepper,cross_entropy,16
845,0.9015830538489602,0.23746864197766399,0.12430903787435259,0.35062824608097537,Polyp,saltpepper,cross_entropy,16
846,0.9034055898887943,0.25243661756233104,0.13915755869349591,0.3657156764311662,Polyp,saltpepper,cross_entropy,16
847,0.9052281259286283,0.2686877162520902,0.15537734589605978,0.3819980866081206,Polyp,saltpepper,cross_entropy,16
848,0.9070506619684624,0.28622876787838314,0.17297200352948677,0.3994855322272795,Polyp,saltpepper,cross_entropy,16
849,0.9088731980082965,0.30525470723740916,0.19210486625201473,0.4184045482228036,Polyp,saltpepper,cross_entropy,16
850,0.9106957340481305,0.3259724633206588,0.21296112679890772,0.4389837998424099,Polyp,saltpepper,cross_entropy,16
851,0.9125182700879646,0.34858896511962284,0.23574363243615543,0.46143429780309025,Polyp,saltpepper,cross_entropy,16
852,0.9143408061277987,0.37331114162579193,0.2606712744825067,0.48595100876907715,Polyp,saltpepper,cross_entropy,16
853,0.9161633421676327,0.40029622276519217,0.28791816519057306,0.5126742803398112,Polyp,saltpepper,cross_entropy,16
854,0.9179858782074668,0.4289220080201666,0.3168448611454633,0.5409991548948699,Polyp,saltpepper,cross_entropy,16
855,0.9198084142473009,0.45794744410989247,0.34617494695683454,0.5697199412629504,Polyp,saltpepper,cross_entropy,16
856,0.9216309502871349,0.48611443097409157,0.3746369813771977,0.5975918805709854,Polyp,saltpepper,cross_entropy,16
857,0.923453486326969,0.5121648685524867,0.40098733205279935,0.623342405052174,Polyp,saltpepper,cross_entropy,16
858,0.9252760223668031,0.5348406567847999,0.42400237662153684,0.6456789369480629,Polyp,saltpepper,cross_entropy,16
859,0.9270985584066371,0.5530293487919932,0.44259719352739446,0.6634615040565919,Polyp,saltpepper,cross_entropy,16
860,0.9289210944464712,0.5668258876525757,0.45681900996239744,0.6768327653427539,Polyp,saltpepper,cross_entropy,16
861,0.9307436304863053,0.5769222154878693,0.4672757100966841,0.6865687208790544,Polyp,saltpepper,cross_entropy,16
862,0.9325661665261393,0.5840145173885183,0.4746008335026499,0.6934282012743866,Polyp,saltpepper,cross_entropy,16
863,0.9343887025659735,0.5887989784451662,0.4794705038706036,0.6981274530197288,Polyp,saltpepper,cross_entropy,16
864,0.9362112386058076,0.5919717837484566,0.4826090274679481,0.7013345400289651,Polyp,saltpepper,cross_entropy,16
865,0.9380337746456416,0.594167089204979,0.48471609053166353,0.7036180878782944,Polyp,saltpepper,cross_entropy,16
866,0.9398563106854757,0.5957229431442186,0.48619793497344344,0.7052479513149937,Polyp,saltpepper,cross_entropy,16
867,0.9416788467253098,0.5968891355742082,0.4873458386630877,0.7064324324853286,Polyp,saltpepper,cross_entropy,16
868,0.9435013827651438,0.597915441359137,0.48842710817888474,0.7074037745393893,Polyp,saltpepper,cross_entropy,16
869,0.9453239188049779,0.5990516353631937,0.4896897069370297,0.7084135637893578,Polyp,saltpepper,cross_entropy,16
870,0.947146454844812,0.6005473706010868,0.49136381641564886,0.7097309247865247,Polyp,saltpepper,cross_entropy,16
871,0.948968990884646,0.6025483167870739,0.49355352427601523,0.7115431092981325,Polyp,saltpepper,cross_entropy,16
872,0.9507915269244801,0.6049066691615453,0.49605352946362974,0.713759808859461,Polyp,saltpepper,cross_entropy,16
873,0.9526140629643142,0.6074232177152914,0.4986244311542842,0.7162220042762986,Polyp,saltpepper,cross_entropy,16
874,0.9544365990041482,0.6098987524391022,0.5010557810336971,0.7187417238445073,Polyp,saltpepper,cross_entropy,16
875,0.9562591350439823,0.6121340633237676,0.5031680785903314,0.7211000480572038,Polyp,saltpepper,cross_entropy,16
876,0.9580816710838164,0.6139312074703616,0.5048093004852898,0.7230531144554333,Polyp,saltpepper,cross_entropy,16
877,0.9599042071236504,0.6151951110612086,0.505933226672302,0.7244569954501152,Polyp,saltpepper,cross_entropy,16
878,0.9617267431634845,0.6160078625700258,0.5066427889256104,0.7253729362144412,Polyp,saltpepper,cross_entropy,16
879,0.9635492792033186,0.6164690670030876,0.5070408635620993,0.7258972704440758,Polyp,saltpepper,cross_entropy,16
880,0.9653718152431526,0.6166783293666684,0.5072203917924504,0.7261362669408865,Polyp,saltpepper,cross_entropy,16
881,0.9671943512829867,0.6167352546670433,0.5072691109235283,0.7262013984105582,Polyp,saltpepper,cross_entropy,16
882,0.9690168873228208,0.616749548395277,0.507283137664557,0.7262159591259969,Polyp,saltpepper,cross_entropy,16
883,0.9708394233626549,0.6170987564369691,0.5076349739538266,0.7265625389201116,Polyp,saltpepper,cross_entropy,16
884,0.972661959402489,0.6184496299648858,0.5089959048856243,0.7279033550441474,Polyp,saltpepper,cross_entropy,16
885,0.9744844954423231,0.6214833015061149,0.5120515269675207,0.7309150760447091,Polyp,saltpepper,cross_entropy,16
886,0.9763070314821571,0.6268809035877428,0.5174860085185164,0.7362757986569692,Polyp,saltpepper,cross_entropy,16
887,0.9781295675219912,0.6353235687368579,0.5259807668204526,0.7446663706532632,Polyp,saltpepper,cross_entropy,16
888,0.9799521035618253,0.647456328582603,0.5381765458803432,0.7567361112848628,Polyp,saltpepper,cross_entropy,16
889,0.9817746396016593,0.6634732111996458,0.5542583046578193,0.7726881177414722,Polyp,saltpepper,cross_entropy,16
890,0.9835971756414934,0.6832616718230912,0.574107589244116,0.7924157544020664,Polyp,saltpepper,cross_entropy,16
891,0.9854197116813275,0.7067033070900309,0.5976080280879387,0.8157985860921232,Polyp,saltpepper,cross_entropy,16
892,0.9872422477211615,0.7336797136375566,0.6246510155747361,0.842708411700377,Polyp,saltpepper,cross_entropy,16
893,0.9890647837609956,0.7640724881027596,0.6551325956635732,0.8730123805419461,Polyp,saltpepper,cross_entropy,16
894,0.9908873198008297,0.7977300882152538,0.6889124564152586,0.9065477200152491,Polyp,saltpepper,cross_entropy,16
895,0.9927098558406637,0.8342737455588081,0.7256023245306317,0.9429451665869845,Polyp,saltpepper,cross_entropy,16
896,0.9945323918804978,0.873229381127609,0.7647057163613997,0.9817530458938182,Polyp,saltpepper,cross_entropy,16
897,0.9963549279203319,0.9141225898405874,0.8057229528202553,1.0225222268609193,Polyp,saltpepper,cross_entropy,16
898,0.9981774639601659,0.9564789666166726,0.8481557199790452,1.0648022132543002,Polyp,saltpepper,cross_entropy,16
899,1.0,0.9998241063747959,0.8915104593296778,1.1081377534199142,Polyp,saltpepper,cross_entropy,16
900,0.7814463265240192,0.30615110775867754,0.05373796262300584,0.5585642528943493,Polyp,smear,cross_entropy,16
901,0.7829673291005269,0.30615110774023263,0.053737962604575196,0.5585642528758901,Polyp,smear,cross_entropy,16
902,0.7844883316770347,0.3061511077184134,0.05373796258277347,0.5585642528540533,Polyp,smear,cross_entropy,16
903,0.7860093342535424,0.306151107693685,0.05373796255806573,0.5585642528293042,Polyp,smear,cross_entropy,16
904,0.78753033683005,0.3061511076665125,0.05373796253091706,0.558564252802108,Polyp,smear,cross_entropy,16
905,0.7890513394065578,0.3061511076373606,0.05373796250179208,0.5585642527729291,Polyp,smear,cross_entropy,16
906,0.7905723419830655,0.30615110760669406,0.053737962471155365,0.5585642527422328,Polyp,smear,cross_entropy,16
907,0.7920933445595731,0.3061511075748751,0.053737962439369236,0.558564252710381,Polyp,smear,cross_entropy,16
908,0.7936143471360808,0.30615110754202246,0.053737962406552764,0.5585642526774921,Polyp,smear,cross_entropy,16
909,0.7951353497125886,0.3061511075082191,0.05373796237278927,0.558564252643649,Polyp,smear,cross_entropy,16
910,0.7966563522890963,0.30615110747354807,0.05373796233816214,0.558564252608934,Polyp,smear,cross_entropy,16
911,0.7981773548656039,0.30615110743809243,0.05373796230275474,0.5585642525734301,Polyp,smear,cross_entropy,16
912,0.7996983574421117,0.3061511074019245,0.05373796226663985,0.5585642525372092,Polyp,smear,cross_entropy,16
913,0.8012193600186194,0.30615110736455836,0.05373796222933219,0.5585642524997845,Polyp,smear,cross_entropy,16
914,0.802740362595127,0.3061511073246862,0.053737962189525645,0.5585642524598468,Polyp,smear,cross_entropy,16
915,0.8042613651716348,0.3061511072809348,0.05373796214584847,0.5585642524160211,Polyp,smear,cross_entropy,16
916,0.8057823677481425,0.30615110723193084,0.05373796209692894,0.5585642523669327,Polyp,smear,cross_entropy,16
917,0.8073033703246502,0.3061511071763009,0.05373796204139519,0.5585642523112067,Polyp,smear,cross_entropy,16
918,0.8088243729011579,0.3061511071127008,0.05373796197790476,0.558564252247497,Polyp,smear,cross_entropy,16
919,0.8103453754776656,0.30615110704037357,0.05373796190570218,0.5585642521750449,Polyp,smear,cross_entropy,16
920,0.8118663780541733,0.3061511069591057,0.05373796182457591,0.5585642520936355,Polyp,smear,cross_entropy,16
921,0.8133873806306811,0.30615110686870417,0.05373796173433476,0.5585642520030736,Polyp,smear,cross_entropy,16
922,0.8149083832071887,0.30615110676897606,0.05373796163478756,0.5585642519031646,Polyp,smear,cross_entropy,16
923,0.8164293857836964,0.30615110665972856,0.05373796152574345,0.5585642517937137,Polyp,smear,cross_entropy,16
924,0.8179503883602042,0.30615110654094496,0.05373796140718773,0.5585642516747023,Polyp,smear,cross_entropy,16
925,0.8194713909367118,0.3061511064143932,0.05373796128089292,0.5585642515478935,Polyp,smear,cross_entropy,16
926,0.8209923935132195,0.306151106282877,0.05373796114966867,0.5585642514160853,Polyp,smear,cross_entropy,16
927,0.8225133960897272,0.30615110614921304,0.0537379610163376,0.5585642512820885,Polyp,smear,cross_entropy,16
928,0.824034398666235,0.3061511060162178,0.053737960883722125,0.5585642511487134,Polyp,smear,cross_entropy,16
929,0.8255554012427426,0.306151105886708,0.05373796075464504,0.5585642510187709,Polyp,smear,cross_entropy,16
930,0.8270764038192503,0.30615110576325955,0.05373796063168906,0.5585642508948301,Polyp,smear,cross_entropy,16
931,0.8285974063957581,0.30615110564707465,0.05373796051606938,0.5585642507780799,Polyp,smear,cross_entropy,16
932,0.8301184089722657,0.30615110553886926,0.05373796040851653,0.558564250669222,Polyp,smear,cross_entropy,16
933,0.8316394115487734,0.3061511054393582,0.0537379603097603,0.5585642505689561,Polyp,smear,cross_entropy,16
934,0.8331604141252812,0.30615110534925666,0.05373796022053068,0.5585642504779826,Polyp,smear,cross_entropy,16
935,0.8346814167017889,0.3061511099833919,0.053737965451608805,0.558564254515175,Polyp,smear,cross_entropy,16
936,0.8362024192782965,0.30617859790269053,0.05376892281844947,0.5585882729869316,Polyp,smear,cross_entropy,16
937,0.8377234218548043,0.30635322270458937,0.053965332533302324,0.5587411128758764,Polyp,smear,cross_entropy,16
938,0.839244424431312,0.30681394699023506,0.054481412132115825,0.5591464818483542,Polyp,smear,cross_entropy,16
939,0.8407654270078196,0.3076997333607746,0.055464974930540756,0.5599344917910085,Polyp,smear,cross_entropy,16
940,0.8422864295843273,0.30914954441735487,0.0570502364540203,0.5612488523806894,Polyp,smear,cross_entropy,16
941,0.8438074321608351,0.3113015316089283,0.059346917414490774,0.5632561458033658,Polyp,smear,cross_entropy,16
942,0.8453284347373428,0.31417971473583034,0.06231614957330456,0.5660432798983561,Polyp,smear,cross_entropy,16
943,0.8468494373138504,0.3175772901020499,0.06569069410843303,0.5694638860956667,Polyp,smear,cross_entropy,16
944,0.8483704398903582,0.3212596086776491,0.0692326235575339,0.5732865937977643,Polyp,smear,cross_entropy,16
945,0.8498914424668659,0.324992021432689,0.07276687004871774,0.5772171728166603,Polyp,smear,cross_entropy,16
946,0.8514124450433735,0.3285398793372323,0.0761594242300655,0.5809203344443991,Polyp,smear,cross_entropy,16
947,0.8529334476198813,0.33167323625669587,0.07927428619713023,0.5840721863162615,Polyp,smear,cross_entropy,16
948,0.854454450196389,0.33433287624006547,0.08203405039652528,0.5866317020836056,Polyp,smear,cross_entropy,16
949,0.8559754527728967,0.33667461397147885,0.08447413163524664,0.5888750963077111,Polyp,smear,cross_entropy,16
950,0.8574964553494044,0.33886797520024947,0.08667919888464448,0.5910567515158545,Polyp,smear,cross_entropy,16
951,0.8590174579259121,0.3410824856756905,0.08881634148969492,0.5933486298616861,Polyp,smear,cross_entropy,16
952,0.8605384605024198,0.3434876711471155,0.09113600919594689,0.5958393330982841,Polyp,smear,cross_entropy,16
953,0.8620594630789276,0.3462408285637461,0.09391488865816106,0.5985667684693312,Polyp,smear,cross_entropy,16
954,0.8635804656554352,0.3493074706029636,0.09714136179383326,0.6014735794120939,Polyp,smear,cross_entropy,16
955,0.8651014682319429,0.3525008369234067,0.10054138143091801,0.6044602924158955,Polyp,smear,cross_entropy,16
956,0.8666224708084507,0.3556299727052829,0.1038274315030272,0.6074325139075386,Polyp,smear,cross_entropy,16
957,0.8681434733849583,0.35850392312879853,0.10674919745118361,0.6102586488064135,Polyp,smear,cross_entropy,16
958,0.869664475961466,0.3609317333741608,0.1091151601721389,0.6127483065761827,Polyp,smear,cross_entropy,16
959,0.8711854785379738,0.3627482226100726,0.11081491648465652,0.6146815287354888,Polyp,smear,cross_entropy,16
960,0.8727064811144815,0.364001863113331,0.11196586613864729,0.6160378600880148,Polyp,smear,cross_entropy,16
961,0.8742274836909891,0.36484676883866,0.11276496471530079,0.6169285729620193,Polyp,smear,cross_entropy,16
962,0.8757484862674968,0.3654378045533747,0.11338308052244328,0.6174925285843061,Polyp,smear,cross_entropy,16
963,0.8772694888440046,0.36592983502479026,0.113966199826597,0.6178934702229835,Polyp,smear,cross_entropy,16
964,0.8787904914205122,0.366477725020222,0.11463395385887615,0.618321496181568,Polyp,smear,cross_entropy,16
965,0.8803114939970199,0.36723510490491923,0.11547538772117827,0.6189948220886602,Polyp,smear,cross_entropy,16
966,0.8818324965735277,0.36834971240165265,0.11657113659054658,0.6201282882127588,Polyp,smear,cross_entropy,16
967,0.8833534991500354,0.3699675288622845,0.1180492097059122,0.6218858480186569,Polyp,smear,cross_entropy,16
968,0.884874501726543,0.37223453533730966,0.1201001217067717,0.6243689489678477,Polyp,smear,cross_entropy,16
969,0.8863955043030507,0.37529671287722294,0.12296198919334134,0.6276314365611045,Polyp,smear,cross_entropy,16
970,0.8879165068795585,0.37929991762418613,0.12688108612638616,0.6317187491219861,Polyp,smear,cross_entropy,16
971,0.8894375094560661,0.3842834120716369,0.1319198377249996,0.6366469864182742,Polyp,smear,cross_entropy,16
972,0.8909585120325738,0.3899856169928429,0.13770717595783455,0.6422640580278512,Polyp,smear,cross_entropy,16
973,0.8924795146090816,0.3960922574580627,0.14382835406355393,0.6483561608525714,Polyp,smear,cross_entropy,16
974,0.8940005171855893,0.40228905853755403,0.14994526447100398,0.6546328526041041,Polyp,smear,cross_entropy,16
975,0.8955215197620969,0.4082617453015754,0.1558067471372384,0.6607167434659124,Polyp,smear,cross_entropy,16
976,0.8970425223386047,0.4136975434503335,0.16121661110358276,0.6661784757970842,Polyp,smear,cross_entropy,16
977,0.8985635249151124,0.4184055058257017,0.1660378361356461,0.6707731755157573,Polyp,smear,cross_entropy,16
978,0.90008452749162,0.42240449734631236,0.17020165400929416,0.6746073406833306,Polyp,smear,cross_entropy,16
979,0.9016055300681278,0.4257341276391941,0.17363524731626562,0.6778330079621226,Polyp,smear,cross_entropy,16
980,0.9031265326446355,0.42843400633137435,0.17630516770569743,0.6805628449570513,Polyp,smear,cross_entropy,16
981,0.9046475352211432,0.4305437430498816,0.17824758624470743,0.6828398998550558,Polyp,smear,cross_entropy,16
982,0.9061685377976509,0.4321038388859753,0.17957092796153912,0.6846367498104116,Polyp,smear,cross_entropy,16
983,0.9076895403741586,0.4331784344033205,0.18042526101313833,0.6859316077935027,Polyp,smear,cross_entropy,16
984,0.9092105429506663,0.4338571952937732,0.18094106366873136,0.686773326918815,Polyp,smear,cross_entropy,16
985,0.9107315455271741,0.4342310565410357,0.18121730281334492,0.6872448102687265,Polyp,smear,cross_entropy,16
986,0.9122525481036817,0.43439095312880915,0.18133374388734708,0.6874481623702713,Polyp,smear,cross_entropy,16
987,0.9137735506801894,0.4344278200407958,0.18136044666734313,0.6874951934142484,Polyp,smear,cross_entropy,16
988,0.9152945532566972,0.43443280469943796,0.18136625461289207,0.6874993547859838,Polyp,smear,cross_entropy,16
989,0.9168155558332048,0.43449970849516284,0.18144840960775538,0.6875510073825704,Polyp,smear,cross_entropy,16
990,0.9183365584097125,0.4347241368718082,0.18171908841381296,0.6877291853298035,Polyp,smear,cross_entropy,16
991,0.9198575609862203,0.43520172974862026,0.18226991339257848,0.688133546104662,Polyp,smear,cross_entropy,16
992,0.921378563562728,0.43602812704484484,0.1831419983415582,0.6889142557481315,Polyp,smear,cross_entropy,16
993,0.9228995661392356,0.43729896867972834,0.18428263906861286,0.6903152982908438,Polyp,smear,cross_entropy,16
994,0.9244205687157434,0.43909140738650293,0.1854786298595416,0.6927041849134643,Polyp,smear,cross_entropy,16
995,0.9259415712922511,0.44135583336019,0.18629300023293804,0.696418666487442,Polyp,smear,cross_entropy,16
996,0.9274625738687587,0.4439894659240836,0.18624634092424464,0.7017325909239226,Polyp,smear,cross_entropy,16
997,0.9289835764452664,0.44688934249403495,0.1849359609909092,0.7088427239971606,Polyp,smear,cross_entropy,16
998,0.9305045790217741,0.4499525004858954,0.1820859390966419,0.717819061875149,Polyp,smear,cross_entropy,16
999,0.9320255815982819,0.4530759773155163,0.17757296858318938,0.7285789860478432,Polyp,smear,cross_entropy,16
